593
315
256
517
263
357
569
778
637
657
561
753
763
541
287
304
535
826
481
398
783
815
384
266
564
292
414
777
710
663
583
799
505
492
233
796
273
426
694
536
491
531
351
539
357
797
725
354
227
799
824
186
365
338
669
693
330
463
377
810
719
593
352
232
394
457
408
389
763
761
323
420
488
325
289
462
641
549
298
492
740
242
223
637
705
332
665
741
584
643
355
435
676
443
346
315
326
139
745
232
740
764
595
494
264
360
760
707
255
700
362
761
698
358
372
522
716
163
143
259
139
652
515
681
365
217
149
740
607
694
438
358
221
676
408
433
210
505
732
495
129
347
290
647
673
355
627
571
309
208
260
555
437
607
637
129
576
183
408
606
214
521
290
322
144
274
708
601
699
318
169
546
556
88
566
169
476
560
460
549
119
163
101
318
512
55
618
446
631
457
66
271
276
280
465
407
566
320
65
99
617
81
661
147
629
108
405
526
539
534
403
197
408
566
566
358
463
542
461
528
196
488
134
577
507
433
634
156
97
359
319
324
44
327
345
471
354
604
379
483
614
36
264
624
610
152
93
450
362
113
27
265
249
556
28
51
417
525
473
298
494
-19
270
523
284
519
428
21
54
329
242
522
584
284
-34
16
85
237
58
15
257
284
371
268
148
439
370
472
433
43
-44
312
188
419
452
407
443
563
-53
238
479
87
427
358
323
547
528
100
354
562
288
418
389
-46
361
282
-56
79
17
474
378
405
-73
-80
55
-3
94
542
329
91
489
-30
-43
107
-94
-69
428
537
456
317
445
6
206
140
323
467
-109
-83
221
188
86
152
-104
-58
272
-19
270
-112
376
-102
6
342
421
-61
200
106
276
142
150
366
480
307
126
162
98
-16
468
420
45
-107
372
-86
342
222
166
353
480
53
-54
478
-149
319
440
374
136
205
-48
278
-70
376
-157
-92
73
412
224
466
197
-115
270
-20
227
443
111
-120
92
-64
-139
385
-51
-25
363
67
370
105
375
-20
269
298
13
-97
-110
341
-197
-64
109
348
-22
154
-175
214
274
396
140
-112
242
194
210
20
-45
424
279
385
239
302
-59
320
288
283
203
-105
-7
-202
-125
352
-26
59
-136
177
249
40
199
-67
-231
54
103
197
137
-97
302
-132
334
-91
52
393
44
-141
259
-132
-140
199
-140
156
-26
13
-1
79
-122
-256
55
308
147
-239
134
363
229
264
239
-65
-13
351
-27
184
71
-2
-83
-17
-151
-55
158
294
-6
-22
164
195
123
196
-8
105
-202
137
-183
6
20
211
-71
54
209
288
140
202
107
-13
206
-90
-187
-261
-261
206
-29
17
-66
0
45
209
-120
117
-173
-77
46
160
-300
-315
92
-20
42
25
107
169
-256
-326
-134
-213
-200
303
-210
254
-44
16
-164
-302
262
-118
-27
-16
-132
57
-61
17
101
28
-187
214
-58
-165
-66
-68
231
-34
9
-202
-137
-134
275
-191
130
253
-247
62
198
-289
5
187
104
-269
240
-296
-169
-370
155
-248
121
252
76
14
114
189
-208
-28
0
97
-329
-124
31
-297
-307
-50
186
210
-73
234
-106
109
-363
-247
97
-97
124
-161
202
-188
-67
-402
-191
74
54
-392
-102
104
-347
-304
-262
-329
-27
-117
-259
77
-293
-358
85
-167
-122
110
-222
164
-411
-363
-247
67
38
18
111
145
83
-350
-86
-373
-247
-156
-365
-346
-428
131
41
108
-305
-112
-21
-382
-304
141
170
-40
-215
-82
162
-199
-176
152
-316
-80
-147
-377
-283
-285
-459
16
118
-405
-332
-222
-181
-464
26
-111
-223
-140
-362
-440
-225
-224
-431
48
-431
-351
-24
-363
-47
100
47
-285
102
-96
-431
-288
-462
-8
-260
-313
-57
85
71
-114
112
-52
-401
-388
-296
-509
11
-51
-100
-240
-445
-219
-8
-274
20
78
-383
-119
-261
15
-173
-512
-225
-305
-405
-317
-224
63
31
-167
36
63
-313
-485
56
-532
-146
-236
46
-459
-94
-282
-279
-165
-383
-115
-351
50
-362
-46
-142
-220
-409
-564
-467
-224
-388
-387
-555
-473
-286
-572
-302
-566
-289
-193
-249
-525
-452
-355
-344
-77
-563
-353
-27
-586
-199
-120
-67
-136
-590
-470
10
27
-102
-599
-59
-380
-380
-135
-525
-599
-115
-79
-151
-326
-475
-82
24
-470
-310
-311
-133
-418
-541
-467
-369
-477
-139
-329
-491
-82
-208
-318
-464
-257
-28
-599
-263
-449
-461
-50
-506
-412
-550
-520
-577
-157
-230
-93
-230
-256
-31
-90
-438
-140
-162
-646
-402
-497
-537
-249
-533
-321
-524
-479
-367
-491
-427
-202
-636
-340
-475
-405
-563
-427
-487
-203
-502
-69
-378
-454
-678
-457
-83
-381
-481
-405
-604
-76
-508
-299
-226
-52
-140
-665
-65
-220
-595
-610
-372
-630
-245
-592
-650
-350
-325
-278
-329
-445
-392
-231
-67
-664
-676
-563
-665
-542
-568
-483
-533
-303
-314
-342
-148
-648
-339
-267
-473
-609
-281
-500
-428
-631
-424
-548
-669
-139
-203
-290
-381
-704
-199
-209
-291
-297
-730
-503
-691
-568
-622
-649
-225
-272
-651
-313
-211
-702
-313
-347
-504
-148
-400
-347
-162
-207
-273
-722
-177
-166
-178
-219
-765
-739
-475
-614
-661
-417
-195
-525
-724
-289
-284
-165
-140
-355
-752
-242
-698
-675
-263
-502
-593
-412
-517
-504
-760
-707
-373
-557
-739
-292
-643
-226
-571
-335
-677
-492
-257
-197
-516
-514
-625
-680
-799
-316
-465
-509
-338
-631
-508
-626
-777
-238
-522
-476
-215
-286
-348
-430
-751
-541
-449
-239
-803
-399
-257
-478
-414
-444
-519
-616
-234
-458
-207
-224
-804
-459
-220
-374
-297
-498
-760
-613
-664
-591
-271
-362
-817
-270
-435
-640
-797
-689
-848
-439
-250
-317
-294
-357
-594
-720
-854
-485
-612
-710
-816
-298
-546
-551
-272
-267
-821
-836
-430
-690
-725
-860
-517
-855
-828
-629
-618
-619
-413
-787
-320
-674
-755
-354
-738
-280
-679
-285
-819
-376
-548
-375
-605
-769
-851
-479
-765
-363
-753
-638
-686
-657
-622
-704
-346
-367
-379
-449
-790
-673
-542
-469
-568
-500
-771
-849
-897
-921
-867
-363
-420
-609
-531
-326
-568
-889
-646
-866
-302
-870
-577
-491
-327
-491
-721
-643
-878
-476
-841
-416
-949
-951
-700
-869
-734
-427
-880
-507
-416
-529
-839
-841
-377
-725
-325
-733
-610
-864
-746
-931
-905
-783
-506
-896
-902
-931
-578
-499
-753
-607
-713
-716
-651
-514
-426
-765
-859
-865
-984
-430
-817
-414
-712
-430
-469
-535
-751
-491
-436
-979
-979
-569
-922
-696
-785
-569
-678
-474
-733
-832
-646
-1010
-970
-589
-995
-924
-477
-400
-588
-804
-887
-974
-941
-549
-390
-607
-943
-934
-831
-745
-1025
-1021
-889
-870
-813
-755
-868
-836
-569
-483
-681
-930
-646
-976
-925
-1036
-899
-1048
-850
-528
-723
-852
-415
-871
-577
-502
-853
-509
-1057
-897
-598
-542
-427
-776
-740
-817
-835
-671
-803
-874
-869
-913
-956
-463
-1012
-562
-984
-542
-701
-920
-454
-1004
-684
-493
-877
-825
-944
-781
-1030
-972
-930
-493
-676
-829
-648
-519
-918
-1030
-959
-535
-799
-735
-589
-678
-878
-944
-720
-1038
-1108
-882
-1072
-487
-522
-1102
-1054
-518
-971
-1025
-497
-580
-566
-1086
-580
-1062
-623
-618
-1064
-757
-765
-857
-1011
-878
-782
-530
-811
-514
-854
-916
-1012
-569
-537
-666
-1117
-1122
-614
-618
-614
-1013
-811
-690
-1024
-512
-879
-660
-1061
-1079
-856
-1003
-898
-837
-933
-1127
-807
-1010
-1013
-775
-803
-690
-948
-1004
-973
-981
-1159
-979
-858
-1101
-578
-572
-982
-556
-1134
-980
-613
-1001
-1047
-885
-883
-927
-569
-944
-771
-588
-558
-691
-617
-707
-832
-900
-827
-638
-612
-587
-705
-728
-1157
-712
-636
-835
-678
-1168
-1002
-760
-636
-976
-808
-880
-995
-857
-1200
-971
-1107
-619
-1209
-809
-748
-1120
-801
-923
-949
-1169
-1144
-689
-1188
-627
-1165
-1219
-772
-624
-691
-1007
-780
-787
-1204
-797
-1152
-612
-909
-917
-1214
-729
-610
-881
-694
-649
-843
-1151
-1085
-891
-1000
-946
-1172
-644
-705
-925
-839
-627
-1141
-1023
-853
-633
-904
-1245
-1052
-1170
-914
-803
-924
-1059
-1263
-910
-1196
-962
-782
-1065
-930
-1117
-677
-1086
-752
-749
-1278
-1187
-1126
-885
-948
-993
-1132
-725
-795
-1077
-1059
-854
-950
-868
-716
-802
-851
-835
-1115
-990
-888
-1285
-900
-757
-1115
-1138
-760
-1216
-737
-718
-1179
-1031
-1012
-997
-986
-983
-722
-972
-1071
-1122
-1154
-992
-1192
-838
-939
-970
-728
-1053
-1242
-780
-852
-1078
-1039
-809
-1188
-913
-1158
-1288
-714
-1079
-832
-1050
-962
-810
-1173
-1335
-916
-873
-1117
-795
-914
-1338
-1133
-857
-1326
-1141
-754
-899
-1168
-1253
-954
-1104
-883
-1158
-1350
-1168
-1002
-972
-1134
-1318
-918
-1063
-868
-761
-938
-1295
-953
-964
-804
-1033
-1267
-1087
-1105
-1116
-1189
-1165
-1311
-830
-1102
-1065
-909
-1378
-1358
-970
-1187
-960
-935
-1224
-1376
-972
-1240
-1117
-1133
-1169
-1176
-962
-901
-1350
-788
-1170
-1006
-1416
-888
-1187
-942
-1204
-1007
-1375
-887
-1081
-859
-1093
-1185
-1067
-1191
-903
-1117
-1256
-1353
-1201
-999
-978
-1317
-1071
-1076
-1102
-1076
-856
-946
-925
-1079
-1297
-1338
-894
-1433
-937
-1378
-1056
-1290
-892
-1260
-1089
-827
-827
-1036
-1314
-1430
-838
-1464
-1314
-1375
-1262
-947
-834
-1097
-1434
-1381
-1221
-1000
-1173
-915
-1111
-1183
-1083
-1470
-1442
-1253
-1190
-1071
-1317
-1393
-1013
-1490
-1132
-1188
-1353
-1212
-1148
-1039
-1306
-1028
-1439
-880
-1024
-1181
-1427
-1259
-1338
-1162
-1304
-875
-1187
-1433
-1369
-916
-1152
-957
-1286
-991
-1384
-930
-1251
-954
-1306
-1231
-1058
-1089
-1476
-1372
-914
-1257
-1332
-1047
-1299
-1522
-1162
-1338
-1199
-1515
-1424
-1058
-1162
-1378
-936
-1417
-922
-1084
-1532
-924
-1184
-1029
-953
-1025
-924
-1212
-1170
-1437
-1227
-1373
-1020
-1120
-1540
-1406
-1459
-1024
-1083
-1385
-1223
-1176
-1037
-1122
-1500
-1523
-1359
-1278
-1394
-1524
-1409
-1407
-1485
-1472
-1166
-1031
-1524
-1264
-1233
-1070
-1366
-1578
-1397
-982
-1006
-971
-1080
-1481
-1194
-1191
-1238
-967
-1291
-1347
-1019
-1014
-1350
-1472
-1114
-1081
-1454
-1198
-1462
-1173
-1401
-1265
-1404
-1601
-1031
-1358
-1595
-1091
-1431
-1152
-1460
-1380
-1200
-1012
-1235
-1329
-1434
-1465
-1200
-1344
-999
-1079
-1045
-1052
-1630
-1412
-1387
-1521
-1238
-1142
-1254
-1287
-1056
-1605
-1533
-1378
-1478
-1257
-1222
-1229
-1129
-1338
-1036
-1647
-1345
-1415
-1372
-1055
-1132
-1654
-1545
-1349
-1047
-1228
-1663
-1621
-1453
-1583
-1645
-1224
-1132
-1381
-1124
-1623
-1450
-1130
-1148
-1491
-1451
-1246
-1536
-1097
-1219
-1638
-1200
-1663
-1528
-1263
-1540
-1677
-1473
-1211
-1074
-1120
-1484
-1104
-1402
-1683
-1654
-1299
-1091
-1102
-1210
-1599
-1355
-1183
-1193
-1085
-1709
-1267
-1368
-1481
-1241
-1252
-1309
-1709
-1306
-1200
-1382
-1342
-1233
-1416
-1284
-1222
-1330
-1184
-1595
-1722
-1280
-1605
-1332
-1243
-1303
-1626
-1387
-1641
-1529
-1616
-1726
-1245
-1543
-1136
-1591
-1307
-1460
-1636
-1470
-1213
-1559
-1665
-1227
-1408
-1282
-1607
-1193
-1552
-1697
-1723
-1204
-1699
-1188
-1693
-1637
-1225
-1148
-1210
-1677
-1477
-1231
-1283
-1225
-1708
-1444
-1694
-1453
-1515
-1258
-1619
-1472
-1211
-1760
-1222
-1388
-1310
-1614
-1437
-1267
-1362
-1243
-1514
-1781
-1665
-1416
-1422
-1189
-1556
-1250
-1301
-1311
-1661
-1597
-1487
-1466
-1382
-1502
-1478
-1370
-1320
-1360
-1516
-1205
-1460
-1441
-1273
-1482
-1728
-1710
-1694
-1393
-1244
-1708
-1713
-1485
-1409
-1765
-1725
-1646
-1770
-1482
-1375
-1499
-1265
-1399
-1311
-1628
-1569
-1286
-1232
-1235
-1419
-1834
-1599
-1743
-1353
-1604
-1608
-1807
-1584
-1384
-1688
-1822
-1753
-1848
-1529
-1390
-1257
-1721
-1432
-1419
-1678
-1476
-1252
-1524
-1397
-1722
-1455
-1470
-1245
-1784
-1380
-1522
-1762
-1313
-1767
-1582
-1350
-1722
-1308
-1374
-1737
-1733
-1468
-1787
-1341
-1480
-1780
-1297
-1500
-1828
-1756
-1820
-1749
-1335
-1366
-1693
-1400
-1381
-1771
-1422
-1459
-1752
-1634
-1727
-1844
-1773
-1383
-1381
-1430
-1491
-1479
-1486
-1746
-1391
-1504
-1366
-1799
-1358
-1786
-1729
-1524
-1563
-1677
-1366
-1775
-1382
-1720
-1488
-1659
-1790
-1478
-1912
-1595
-1663
-1906
-1810
-1625
-1317
-1879
-1792
-1894
-1794
-1570
-1372
-1447
-1707
-1471
-1371
-1809
-1323
-1626
-1874
-1343
-1391
-1659
-1318
-1379
-1323
-1440
-1341
-1474
-1526
-1613
-1366
-1827
-1713
-1547
-1708
-1426
-1726
-1452
-1559
-1871
-1975
-1807
-1479
-1576
-1488
-1433
-1974
-1904
-1896
-1744
-1836
-1450
-1797
-1826
-1373
-1667
-1750
-1812
-1439
-1873
-1538
-1731
-1937
-1698
-1783
-1997
-1819
-1750
-1963
-1624
-1473
-1635
-1603
-1860
-1743
-1965
-1796
-1903
-1594
-1897
-1465
-1693
-1719
-1927
-1983
-1652
-1455
-1724
-1568
-1923
-1613
-1812
-1388
-1501
-1703
-1862
-1565
-1619
-1773
-1711
-1782
-1939
-1838
-1615
-1973
-1399
-1801
-1535
-1434
-1654
-1449
-2045
-2023
-1675
-1686
-2004
-1698
-1723
-1497
-1863
-2006
-1903
-1835
-1707
-1517
-1468
-1906
-1891
-1620
-1770
-1790
-1742
-1966
-1787
-1989
-1741
-1972
-1835
-1482
-1651
-1610
-1795
-1498
-1957
-1978
-1975
-2028
-1786
-1968
-1968
-2018
-1792
-1537
-1493
-1629
-1876
-1480
-1847
-1795
-2058
-1624
-2079
-1664
-1954
-2018
-1668
-1869
-1529
-1660
-1758
-2085
-1830
-1527
-1735
-2026
-1573
-1568
-1799
-1964
-1810
-1542
-1702
-2073
-1900
-1762
-1864
-1678
-2017
-2058
-1795
-1621
-1779
-1715
-2060
-1699
-1528
-1855
-1738
-2085
-1998
-1566
-1984
-2002
-1952
-2081
-1873
-2052
-2122
-2134
-1598
-1534
-1912
-1603
-2134
-1645
-2143
-1524
-1967
-2076
-1741
-1744
-1868
-1774
-1898
-1641
-1964
-1887
-2062
-1799
-1974
-1719
-2000
-1569
-1972
-1670
-1867
-1945
-1621
-2052
-2039
-1778
-2070
-1811
-2109
-1919
-1902
-1685
-2074
-2163
-1715
-2056
-1758
-1990
-1828
-1572
-2130
-1647
-2044
-1631
-1980
-1584
-1601
-2057
-1982
-2179
-1750
-1633
-1968
-1895
-2068
-1747
-1814
-1965
-1970
-2053
-2095
-2210
-1713
-1867
-2211
-2051
-2035
-1960
-1713
-1852
-1874
-1713
-2010
-1734
-2142
-1688
-2004
-2185
-1870
-1970
-1925
-1681
-1900
-1794
-1920
-1754
-1797
-1823
-1897
-2077
-2134
-1711
-1959
-1679
-1821
-1830
-2077
-2059
-1811
-1917
-2123
-1810
-1767
-2232
-2169
-1939
-1617
-1632
-1717
-2051
-2021
-2236
-1872
-1944
-2023
-1670
-1979
-1704
-2108
-2231
-1999
-2160
-2259
-2213
-1812
-1795
-2163
-2246
-2238
-2205
-2089
-1780
-1909
-2277
-2224
-1914
-2151
-2263
-1870
-2254
-1678
-1767
-2043
-1755
-2258
-1843
-1855
-1770
-1826
-2297
-2083
-1882
-2022
-2021
-2007
-1714
-1885
-1712
-2188
-2088
-2200
-1738
-1872
-2296
-1945
-2272
-1692
-2179
-1982
-2105
-1765
-1912
-2145
-1846
-2099
-1880
-1832
-2150
-1938
-1754
-2315
-2210
-2207
-2174
-1896
-1905
-1773
-1908
-2288
-2143
-2117
-2255
-1779
-1709
-2192
-2173
-1786
-1981
-2112
-2218
-2312
-1772
-2036
-2062
-2000
-1840
-1843
-1910
-1835
-1774
-2093
-2024
-2089
-2028
-1896
-1799
-1919
-1870
-2323
-1983
-2078
-1803
-2220
-2141
-2287
-1803
-1912
-1993
-2234
-2292
-2334
-2087
-1925
-2105
-2129
-2235
-1987
-1844
-2063
-2136
-1766
-1964
-2227
-2199
-1934
-1772
-2042
-2002
-1905
-1778
-2380
-2113
-1821
-1938
-2133
-2377
-1894
-2231
-2346
-1875
-1863
-1812
-2400
-1935
-1971
-1774
-1850
-1904
-2034
-2170
-2360
-2105
-2365
-2286
-2359
-2355
-2181
-2428
-1938
-2150
-2105
-2182
-2078
-1844
-2032
-2226
-2116
-2291
-2414
-2271
-1967
-2247
-2232
-1997
-1964
-1830
-2213
-2068
-2060
-1986
-2150
-1821
-2322
-2282
-1826
-2056
-2146
-1946
-2347
-2317
-2428
-2264
-2455
-2339
-2014
-2402
-2142
-1949
-2122
-2146
-2019
-1915
-2171
-1942
-1914
-2181
-1914
-2301
-2031
-1939
-1965
-2080
-1848
-2070
-2234
-1859
-2340
-2172
-2211
-2003
-2147
-2113
-2250
-2152
-1941
-2290
-2157
-2362
-1857
-2009
-2159
-2228
-2060
-2277
-2029
-2138
-2097
-1997
-2092
-2452
-2108
-2156
-2315
-2113
-2013
-1986
-2114
-2374
-2193
-2111
-1955
-2515
-2179
-1982
-1968
-2270
-1944
-2242
-2476
-2187
-1967
-1956
-2367
-2192
-2218
-2061
-2476
-2185
-1930
-2404
-2307
-1957
-1981
-2013
-2226
-2127
-2465
-2381
-2002
-2113
-2082
-2294
-2226
-2406
-2202
-1966
-2045
-2212
-2496
-2232
-2094
-2010
-2018
-2330
-2034
-2167
-2288
-1951
-2083
-1939
-2000
-2243
-2236
-2182
-2011
-2445
-2189
-2170
-2427
-2049
-2169
-2340
-2483
-2465
-2068
-2386
-2408
-2370
-2329
-2257
-2020
-2586
-2503
-2389
-2051
-2542
-2019
-2249
-2471
-2098
-2048
-2215
-2462
-2512
-2175
-2069
-2338
-2118
-2363
-2122
-2211
-2519
-2339
-2368
-2475
-2465
-2426
-2117
-2605
-2298
-2080
-2061
-2360
-2399
-2057
-2175
-2128
-2041
-2277
-2382
-2627
-2155
-2554
-2082
-2350
-2583
-2406
-2027
-2185
-2310
-2591
-2141
-2606
-2268
-2039
-2231
-2165
-2111
-2621
-2145
-2072
-2178
-2290
-2322
-2398
-2495
-2642
-2016
-2329
-2494
-2531
-2124
-2256
-2453
-2329
-2627
-2338
-2663
-2176
-2452
-2371
-2203
-2207
-2111
-2222
-2284
-2157
-2571
-2161
-2188
-2206
-2192
-2080
-2498
-2376
-2464
-2230
-2433
-2568
-2316
-2156
-2485
-2632
-2203
-2611
-2073
-2081
-2380
-2243
-2200
-2403
-2074
-2188
-2250
-2186
-2633
-2186
-2126
-2461
-2520
-2690
-2151
-2159
-2213
-2166
-2121
-2360
-2083
-2106
-2466
-2707
-2539
-2139
-2602
-2229
-2649
-2307
-2374
-2700
-2477
-2620
-2577
-2583
-2632
-2332
-2623
-2528
-2273
-2679
-2297
-2231
-2725
-2675
-2612
-2526
-2368
-2415
-2154
-2653
-2215
-2216
-2726
-2258
-2228
-2116
-2416
-2370
-2447
-2272
-2415
-2665
-2704
-2313
-2646
-2372
-2727
-2365
-2155
-2594
-2648
-2338
-2707
-2161
-2267
-2752
-2387
-2645
-2687
-2646
-2725
-2546
-2395
-2317
-2274
-2145
-2604
-2582
-2754
-2439
-2317
-2374
-2262
-2319
-2529
-2495
-2727
-2632
-2757
-2706
-2292
-2499
-2185
-2390
-2681
-2749
-2324
-2308
-2290
-2773
-2515
-2260
-2645
-2657
-2254
-2394
-2525
-2760
-2604
-2715
-2656
-2273
-2293
-2426
-2278
-2210
-2747
-2808
-2320
-2390
-2248
-2816
-2740
-2478
-2358
-2622
-2806
-2402
-2195
-2568
-2368
-2550
-2490
-2479
-2511
-2404
-2455
-2582
-2629
-2403
-2465
-2316
-2837
-2594
-2848
-2476
-2564
-2254
-2810
-2853
-2282
-2270
-2312
-2335
-2787
-2671
-2807
-2422
-2847
-2389
-2413
-2581
-2730
-2811
-2653
-2626
-2519
-2420
-2256
-2466
-2466
-2253
-2451
-2465
-2703
-2473
-2454
-2840
-2521
-2708
-2335
-2450
-2425
-2880
-2758
-2765
-2772
-2701
-2505
-2892
-2693
-2859
-2520
-2407
-2424
-2723
-2728
-2600
-2587
-2755
-2557
-2611
-2768
-2397
-2649
-2539
-2729
-2667
-2627
-2571
-2491
-2716
-2338
-2804
-2467
-2531
-2554
-2417
-2705
-2456
-2916
-2851
-2576
-2313
-2436
-2616
-2796
-2461
-2706
-2478
-2876
-2897
-2800
-2580
-2735
-2790
-2391
-2335
-2438
-2943
-2881
-2701
-2843
-2445
-2573
-2619
-2567
-2550
-2528
-2835
-2452
-2897
-2595
-2635
-2458
-2520
-2682
-2452
-2763
-2722
-2617
-2619
-2712
-2362
-2910
-2396
-2769
-2854
-2703
-2592
-2545
-2528
-2903
-2714
-2358
-2396
-2831
-2469
-2921
-2504
-2742
-2819
-2749
-2937
-2723
-2862
-2385
-2542
-2862
-2489
-2740
-2682
-2745
-2667
-2461
-2970
-2868
-2511
-2705
-2576
-2387
-2589
-2902
-2568
-2574
-2713
-2481
-2828
-2918
-2401
-2806
-2654
-2980
-2393
-2473
-2555
-2647
-2586
-2425
-2796
-2651
-2727
-2519
-2552
-2682
-2475
-2554
-2579
-2978
-2469
-2985
-2819
-2770
-2922
-3004
-2744
-2525
-2943
-2908
-2479
-2989
-2821
-3015
-2446
-2685
-2760
-2639
-2522
-2537
-2774
-2809
-2879
-2751
-2803
-3046
-2803
-3016
-2872
-3018
-2923
-2452
-2822
-2472
-2947
-2814
-3067
-2602
-2556
-2808
-2896
-2913
-2972
-3080
-3073
-2676
-2610
-2922
-2542
-2708
-2486
-2463
-2993
-2942
-2484
-2810
-2914
-3052
-2914
-2981
-2627
-2524
-2950
-2716
-2583
-2701
-2488
-2840
-2942
-2888
-2559
-2799
-2478
-2747
-2821
-2538
-2662
-2935
-2627
-2772
-2964
-2668
-2715
-3058
-2774
-2829
-2889
-3020
-2991
-2667
-2573
-2687
-2995
-3104
-3037
-3108
-2738
-2636
-3100
-3059
-2827
-2783
-2953
-3000
-2956
-2506
-2872
-2580
-3145
-2670
-3066
-2881
-2916
-2967
-2822
-2760
-2930
-3006
-2637
-2516
-2625
-2998
-2848
-2898
-2949
-2735
-3074
-2701
-2990
-2923
-2963
-2942
-2890
-2734
-2695
-3013
-2650
-2829
-2733
-3047
-2717
-2664
-2677
-2722
-2704
-2578
-2738
-2601
-2583
-2747
-2959
-3088
-2606
-3056
-3068
-2635
-3011
-3109
-2674
-2793
-2845
-3139
-2597
-3193
-3193
-2932
-2674
-3127
-2722
-2911
-2941
-2639
-2579
-3009
-2696
-2697
-2649
-2599
-2627
-2826
-2649
-2873
-3129
-2679
-3017
-2748
-3153
-2913
-3012
-2872
-3229
-3103
-2810
-2668
-3163
-3082
-3118
-2593
-3052
-2976
-2673
-2836
-3155
-2630
-2832
-2631
-2942
-3210
-3176
-3096
-2704
-2684
-3031
-2706
-3186
-2687
-2685
-3084
-3076
-2627
-2621
-2657
-2673
-3077
-2811
-3200
-3125
-3103
-3200
-2763
-3117
-2650
-2978
-3199
-3235
-2852
-3207
-3068
-3089
-2828
-3267
-2945
-3258
-3231
-3235
-2809
-2840
-3203
-3252
-3118
-3050
-2941
-2792
-3008
-2860
-2685
-2727
-2688
-2902
-2853
-2754
-2988
-3055
-3200
-2700
-2937
-3001
-3122
-2801
-3176
-2817
-2892
-3169
-3286
-2876
-2909
-2807
-3199
-2699
-2732
-3284
-3033
-2836
-2832
-2853
-2760
-3057
-3258
-2716
-3226
-3105
-2708
-3107
-2989
-3229
-3102
-3008
-2902
-3180
-2915
-3325
-2859
-2732
-2888
-2969
-2872
-3320
-3081
-3128
-2852
-3054
-3304
-2908
-3296
-3302
-2926
-3166
-2751
-3344
-3299
-2826
-2867
-3246
-2890
-3203
-3320
-3038
-3362
-2773
-3160
-3027
-3078
-3053
-3170
-3210
-3309
-3081
-3223
-3111
-2866
-2796
-3151
-3057
-3108
-3213
-3101
-3166
-3351
-3278
-3219
-3143
-2927
-3323
-3145
-3073
-3270
-3163
-2944
-2962
-2975
-3228
-2767
-3198
-2785
-2809
-3369
-3347
-3036
-3162
-2836
-2993
-2785
-3147
-3204
-2810
-3165
-2866
-3040
-3272
-2984
-3122
-3260
-3097
-3394
-3249
-3273
-3002
-2924
-3134
-3342
-3074
-3118
-2829
-3208
-3238
-3137
-2881
-2881
-2841
-3102
-3269
-2940
-2900
-3345
-3261
-3342
-3311
-3163
-3445
-2960
-3217
-2814
-3352
-2956
-3268
-3028
-3118
-3333
-3106
-3175
-3446
-3123
-3330
-3386
-3274
-3185
-2897
-3404
-2927
-3372
-3111
-3198
-3075
-3370
-3405
-3309
-3458
-2919
-3468
-3301
-3460
-2841
-3224
-2919
-3041
-3407
-2928
-3431
-2989
-2919
-3071
-3476
-2862
-3227
-3364
-3201
-3105
-2925
-3487
-3227
-3378
-2995
-3223
-2918
-2920
-3495
-2913
-3136
-2957
-3222
-2977
-3369
-3404
-3337
-2913
-3013
-3254
-3446
-3333
-3351
-3253
-3422
-3003
-3125
-3343
-3057
-3330
-2949
-3071
-3217
-3234
-3223
-3171
-3058
-3037
-3044
-3176
-3042
-3078
-3123
-3041
-3226
-3259
-3202
-3302
-3510
-3495
-2950
-3030
-3200
-3336
-3327
-2994
-3018
-3137
-3285
-2938
-3533
-3542
-2937
-3528
-3509
-3397
-3078
-3128
-3319
-3183
-3253
-3447
-3243
-2936
-3392
-3140
-3338
-3177
-3389
-3328
-3101
-3320
-3130
-3143
-3152
-3415
-3370
-3235
-3341
-3444
-3036
-3587
-3353
-3295
-2973
-3214
-3061
-3251
-3432
-3268
-3152
-3567
-3531
-3500
-3526
-3597
-3332
-3516
-3101
-3377
-3564
-3253
-3060
-3487
-3162
-3500
-3355
-3433
-3008
-3018
-3060
-3469
-3461
-3024
-3498
-3614
-3384
-3091
-3419
-3622
-3148
-3254
-3218
-3374
-3243
-3010
-3511
-3454
-3628
-3477
-3628
-3396
-3634
-3168
-3374
-3568
-3519
-3117
-3476
-3537
-3041
-3278
-3290
-3475
-3210
-3318
-3173
-3621
-3218
-3597
-3605
-3580
-3290
-3579
-3234
-3514
-3272
-3318
-3645
-3121
-3454
-3080
-3484
-3464
-3586
-3544
-3517
-3312
-3673
-3532
-3648
-3664
-3637
-3264
-3467
-3355
-3240
-3657
-3425
-3144
-3347
-3133
-3301
-3514
-3607
-3214
-3570
-3247
-3411
-3485
-3222
-3546
-3382
-3544
-3200
-3592
-3479
-3604
-3189
-3626
-3565
-3371
-3123
-3325
-3452
-3432
-3186
-3359
-3248
-3121
-3615
-3242
-3095
-3202
-3090
-3543
-3300
-3332
-3289
-3336
-3165
-3208
-3280
-3666
-3484
-3239
-3572
-3419
-3387
-3189
-3427
-3517
-3431
-3171
-3630
-3418
-3351
-3729
-3730
-3395
-3635
-3635
-3483
-3438
-3278
-3115
-3726
-3380
-3739
-3528
-3316
-3431
-3614
-3512
-3421
-3440
-3545
-3762
-3454
-3135
-3600
-3364
-3474
-3641
-3440
-3564
-3451
-3403
-3479
-3439
-3586
-3411
-3466
-3501
-3735
-3498
-3266
-3536
-3715
-3431
-3692
-3232
-3723
-3483
-3185
-3613
-3564
-3244
-3663
-3346
-3557
-3370
-3227
-3503
-3423
-3170
-3515
-3605
-3462
-3531
-3244
-3457
-3751
-3300
-3620
-3394
-3301
-3640
-3506
-3799
-3551
-3438
-3721
-3349
-3193
-3556
-3785
-3464
-3723
-3816
-3254
-3586
-3535
-3664
-3632
-3294
-3727
-3626
-3449
-3738
-3465
-3735
-3776
-3721
-3289
-3753
-3831
-3489
-3294
-3249
-3437
-3469
-3380
-3618
-3389
-3715
-3574
-3439
-3739
-3850
-3573
-3816
-3588
-3384
-3496
-3306
-3269
-3308
-3367
-3705
-3769
-3535
-3415
-3853
-3677
-3291
-3439
-3377
-3570
-3536
-3781
-3339
-3591
-3588
-3388
-3584
-3610
-3451
-3699
-3743
-3341
-3879
-3697
-3858
-3413
-3725
-3630
-3890
-3836
-3278
-3775
-3416
-3307
-3878
-3570
-3441
-3582
-3305
-3273
-3758
-3396
-3608
-3577
-3702
-3549
-3339
-3735
-3825
-3737
-3647
-3892
-3907
-3914
-3413
-3343
-3651
-3766
-3397
-3513
-3599
-3474
-3783
-3380
-3784
-3728
-3872
-3319
-3775
-3339
-3901
-3389
-3766
-3645
-3524
-3628
-3761
-3933
-3502
-3613
-3389
-3605
-3414
-3706
-3523
-3329
-3797
-3363
-3648
-3500
-3328
-3359
-3629
-3665
-3485
-3507
-3457
-3884
-3799
-3884
-3325
-3655
-3953
-3862
-3644
-3486
-3805
-3944
-3855
-3660
-3951
-3828
-3519
-3437
-3510
-3436
-3458
-3950
-3740
-3359
-3590
-3818
-3750
-3949
-3380
-3463
-3752
-3774
-3889
-3992
-3608
-3812
-3608
-3604
-3573
-3693
-3394
-3396
-3803
-3746
-3626
-3650
-3831
-3657
-3801
-3606
-3815
-3381
-3804
-3487
-3736
-3966
-3440
-3776
-4018
-3992
-3880
-3657
-3883
-3457
-3754
-3393
-3994
-3733
-3964
-3629
-3413
-3847
-4012
-3641
-3785
-3786
-3587
-3958
-3866
-3633
-3723
-3414
-3723
-3779
-3840
-3523
-3966
-3543
-3741
-3453
-3727
-3539
-3476
-3664
-3620
-3440
-3885
-3489
-3845
-3577
-3566
-3980
-4057
-3782
-3449
-3778
-3736
-4006
-4013
-4012
-3512
-3913
-3943
-3839
-3934
-3719
-4066
-3975
-3672
-3808
-3444
-3745
-4026
-3682
-3743
-3524
-3981
-3461
-3882
-3969
-3462
-3997
-4047
-3893
-3825
-3771
-3949
-3788
-3849
-3589
-3593
-3784
-4019
-3629
-4056
-3954
-3589
-3538
-4051
-3529
-3862
-3990
-4040
-3548
-3532
-3637
-3497
-3832
-3881
-3981
-4037
-3599
-3875
-3712
-4048
-3566
-3998
-3769
-3814
-4014
-3539
-3966
-3625
-3511
-3918
-3516
-3884
-3651
-3512
-3883
-3923
-3526
-3697
-3538
-3892
-3673
-3769
-4040
-3764
-3900
-4145
-3611
-3765
-3689
-3690
-3972
-3810
-3626
-3783
-3637
-3560
-3520
-4007
-3571
-3647
-3840
-3933
-3950
-3966
-4031
-3906
-3761
-3653
-3533
-3817
-3706
-4067
-3674
-3688
-3790
-4176
-4038
-4104
-3812
-3635
-3850
-3781
-3787
-3648
-3738
-3582
-3858
-3879
-3750
-3813
-3668
-4022
-3786
-3754
-3644
-3889
-4057
-3688
-3795
-4058
-3581
-4109
-4012
-3858
-4075
-3570
-4158
-4030
-3922
-3950
-3988
-3677
-3693
-4082
-3826
-3593
-3976
-4124
-3851
-3644
-3822
-4022
-3938
-3766
-3860
-3799
-3782
-3958
-4070
-4082
-3691
-4054
-4098
-4141
-3652
-4165
-3877
-4242
-4091
-3930
-4241
-4086
-3840
-4023
-3636
-3937
-3979
-3817
-4141
-3822
-4252
-4108
-4198
-3781
-4088
-4118
-3994
-3925
-3978
-3704
-3928
-4243
-4124
-3929
-4118
-3635
-3710
-4113
-4090
-4228
-4137
-4226
-3651
-3990
-4135
-3703
-4075
-3863
-4074
-3777
-4281
-4015
-4162
-3855
-4163
-3907
-4128
-3727
-3924
-3722
-4152
-4119
-3990
-4195
-4011
-3703
-4251
-4156
-3994
-4166
-3938
-3833
-3906
-4179
-4049
-4265
-4214
-4104
-4010
-4077
-3673
-3912
-3877
-3742
-4306
-4217
-4186
-4144
-4212
-4256
-4068
-3873
-4070
-4319
-4261
-3948
-3762
-3935
-3917
-3998
-3836
-3955
-4183
-4207
-4123
-4093
-3888
-3817
-4039
-4202
-3859
-4007
-3715
-4095
-4043
-3988
-3910
-4339
-3751
-4332
-4133
-4058
-4053
-3996
-4326
-4112
-4291
-4078
-4280
-3746
-4240
-4076
-3967
-4346
-3926
-3772
-4098
-3827
-3869
-3782
-4135
-4316
-3947
-3800
-4306
-4113
-4310
-3792
-4366
-4314
-4347
-4211
-3915
-3906
-3847
-4355
-4047
-4289
-4176
-3946
-4253
-4100
-3908
-4307
-4053
-4000
-3941
-3952
-3912
-3977
-3949
-3870
-4037
-4169
-4291
-4185
-3855
-4120
-4304
-3852
-3970
-3835
-4260
-4402
-3842
-4219
-4108
-4087
-4337
-4029
-4061
-4174
-3861
-4257
-4306
-4373
-3989
-4423
-4107
-4103
-4123
-4399
-4291
-3842
-3896
-4352
-4107
-4261
-4392
-4358
-4152
-4209
-3991
-4043
-4161
-3858
-4236
-4133
-3832
-4171
-4038
-4091
-4201
-3850
-4110
-4074
-3988
-3968
-4022
-4160
-3836
-4436
-4204
-4225
-3980
-4166
-3888
-4341
-4029
-3909
-4195
-4349
-3924
-4411
-4233
-4370
-4019
-4279
-4237
-4054
-4014
-3874
-4011
-4464
-4235
-4379
-4085
-4071
-4429
-4378
-3893
-4362
-4471
-3866
-4468
-4162
-4129
-3961
-4014
-4121
-4258
-4478
-3875
-4149
-4373
-4398
-4193
-4348
-4461
-4026
-4367
-4501
-4230
-4105
-4472
-4215
-4006
-4174
-4409
-4200
-4314
-4402
-4488
-4492
-4358
-3929
-4372
-4385
-4386
-4457
-4242
-4365
-4260
-3941
-3968
-4326
-4210
-4517
-4364
-4031
-4280
-4146
-4215
-4213
-4288
-3932
-4440
-4327
-4164
-3921
-4463
-3926
-4357
-4433
-4166
-4205
-3947
-4351
-4260
-4158
-3988
-4045
-4383
-4129
-4305
-4355
-3988
-4504
-4412
-4560
-4377
-4456
-4131
-4253
-4006
-4426
-4309
-4233
-4290
-3979
-4005
-4022
-4237
-4546
-4031
-4350
-4573
-4009
-4285
-4024
-4239
-4530
-4261
-4426
-4247
-4555
-4222
-4390
-4228
-4523
-4376
-4416
-4033
-4248
-4413
-4324
-4129
-4527
-4268
-4399
-4355
-4304
-4383
-4615
-4076
-4243
-4443
-4262
-4498
-4280
-4391
-4292
-4397
-4039
-4559
-4344
-4118
-4433
-4221
-4470
-4333
-4191
-4117
-4412
-4345
-4165
-4029
-4191
-4049
-4249
-4596
-4645
-4321
-4183
-4631
-4213
-4105
-4115
-4588
-4366
-4119
-4018
-4360
-4140
-4094
-4166
-4086
-4297
-4257
-4419
-4079
-4233
-4457
-4333
-4095
-4376
-4358
-4176
-4046
-4101
-4436
-4600
-4267
-4109
-4044
-4307
-4578
-4131
-4506
-4189
-4612
-4372
-4194
-4509
-4617
-4393
-4326
-4157
-4598
-4075
-4531
-4294
-4696
-4076
-4160
-4509
-4401
-4159
-4367
-4550
-4459
-4127
-4438
-4180
-4143
-4349
-4679
-4391
-4479
-4600
-4320
-4185
-4121
-4260
-4236
-4526
-4628
-4242
-4558
-4353
-4284
-4346
-4239
-4724
-4234
-4312
-4225
-4446
-4411
-4268
-4210
-4471
-4330
-4149
-4178
-4185
-4403
-4136
-4694
-4367
-4647
-4164
-4300
-4348
-4587
-4325
-4255
-4581
-4294
-4216
-4376
-4495
-4443
-4206
-4235
-4262
-4620
-4318
-4347
-4167
-4614
-4216
-4545
-4236
-4346
-4419
-4590
-4461
-4685
-4550
-4655
-4688
-4158
-4399
-4306
-4678
-4505
-4211
-4778
-4208
-4199
-4701
-4445
-4736
-4614
-4156
-4425
-4393
-4565
-4713
-4272
-4341
-4311
-4187
-4342
-4536
-4429
-4431
-4554
-4204
-4601
-4405
-4359
-4281
-4694
-4320
-4586
-4431
-4784
-4258
-4206
-4192
-4436
-4409
-4329
-4360
-4768
-4340
-4262
-4300
-4345
-4298
-4453
-4342
-4734
-4745
-4272
-4479
-4406
-4433
-4315
-4330
-4482
-4542
-4702
-4674
-4276
-4524
-4725
-4839
-4515
-4836
-4642
-4692
-4816
-4652
-4657
-4237
-4846
-4373
-4804
-4410
-4526
-4332
-4369
-4638
-4611
-4311
-4363
-4678
-4664
-4534
-4428
-4360
-4351
-4569
-4599
-4659
-4817
-4542
-4701
-4298
-4493
-4721
-4707
-4685
-4715
-4767
-4548
-4486
-4366
-4700
-4590
-4766
-4375
-4396
-4494
-4347
-4253
-4328
-4283
-4304
-4802
-4518
-4443
-4662
-4421
-4280
-4310
-4745
-4299
-4319
-4586
-4762
-4519
-4694
-4476
-4364
-4663
-4356
-4716
-4746
-4549
-4416
-4848
-4874
-4653
-4780
-4599
-4316
-4683
-4887
-4873
-4860
-4832
-4322
-4409
-4708
-4670
-4407
-4518
-4662
-4336
-4554
-4706
-4756
-4933
-4330
-4345
-4602
-4693
-4625
-4572
-4480
-4810
-4757
-4569
-4351
-4426
-4556
-4511
-4753
-4427
-4608
-4638
-4575
-4899
-4828
-4626
-4341
-4965
-4349
-4590
-4396
-4620
-4598
-4451
-4694
-4970
-4355
-4919
-4707
-4952
-4554
-4468
-4801
-4388
-4612
-4829
-4526
-4361
-4916
-4512
-4433
-4565
-4419
-4605
-4991
-4392
-4762
-4841
-4584
-4879
-4719
-4948
-4899
-4669
-4755
-4539
-4590
-4885
-4947
-4478
-4791
-4792
-4811
-4869
-4914
-4726
-4581
-4877
-4405
-4974
-4570
-4552
-4525
-4397
-4407
-4616
-4838
-4428
-4772
-4846
-4559
-4598
-4815
-4467
-4693
-4754
-4565
-4710
-4455
-4534
-4498
-4832
-4746
-4669
-4402
-4751
-4905
-4622
-4658
-4991
-4585
-4674
-4951
-4794
-4989
-4457
-4747
-4646
-4687
-4491
-4845
-4823
-4550
-4618
-4437
-4728
-4758
-4520
-4451
-4671
-4918
-4841
-4636
-4705
-4953
-4593
-4715
-5076
-4803
-5021
-4614
-4953
-4872
-4615
-4500
-4811
-4559
-4623
-4447
-4997
-4690
-4573
-4979
-5000
-4492
-4501
-4611
-4825
-4516
-4943
-4932
-4637
-4817
-5094
-5043
-4508
-5053
-4549
-4987
-4514
-4931
-4807
-4610
-4562
-5099
-4863
-4621
-5020
-4577
-4662
-4787
-4710
-4521
-4538
-4862
-4670
-5026
-4653
-4747
-4534
-4496
-4959
-4585
-4840
-4535
-4872
-4555
-4877
-4788
-4843
-4878
-4562
-4938
-5136
-4878
-4736
-4708
-4768
-4931
-4889
-4835
-5113
-4533
-4573
-4736
-4725
-4847
-5149
-5052
-5011
-5155
-5122
-4710
-4702
-4643
-5104
-4998
-4932
-5101
-4884
-4793
-4632
-4652
-4539
-4804
-5021
-4541
-4916
-4661
-4977
-4788
-4869
-5003
-5176
-4781
-4697
-5163
-4797
-5007
-4730
-4747
-4998
-4922
-4738
-5111
-4754
-5175
-4746
-4964
-4839
-4746
-4985
-4694
-4795
-4629
-4888
-5051
-5194
-4589
-5002
-5128
-5059
-4693
-4703
-4855
-4738
-5154
-4950
-5199
-5193
-4973
-5100
-4710
-5059
-5092
-5177
-5214
-4715
-5125
-4712
-4976
-5163
-4854
-5015
-5166
-4816
-5187
-4787
-4863
-4668
-4961
-4684
-5134
-4753
-4758
-5085
-5006
-5017
-4813
-5026
-4666
-5177
-4871
-4863
-4720
-4642
-4984
-4702
-5021
-5093
-4673
-4926
-5119
-5001
-5006
-4995
-5007
-5090
-4761
-4653
-4868
-5221
-5028
-4845
-4691
-4752
-4795
-4660
-4662
-5003
-4931
-5092
-4853
-4941
-4657
-4891
-4900
-4988
-5036
-5165
-5259
-5091
-5172
-4746
-5079
-5201
-4666
-5238
-5134
-5254
-5043
-4672
-5060
-5195
-4773
-5227
-4813
-4769
-5069
-4774
-4812
-4819
-4979
-5036
-5106
-5258
-5140
-4989
-4905
-5317
-5132
-4962
-5313
-5292
-5195
-4979
-5256
-5007
-5239
-5170
-4840
-5309
-4746
-5263
-5027
-5278
-5054
-4708
-4789
-5030
-4922
-4934
-4707
-5047
-4883
-4868
-5211
-5083
-4835
-5246
-4851
-4792
-5310
-4779
-5259
-5323
-5017
-5140
-5247
-5301
-5156
-5172
-5303
-5040
-4783
-4900
-5010
-5300
-5017
-5222
-5064
-4847
-5353
-5123
-5046
-5180
-5149
-4793
-5083
-5037
-5249
-5001
-4998
-4829
-5154
-5148
-5008
-4766
-5238
-5270
-5164
-5066
-5385
-4918
-5023
-5373
-4753
-5329
-4842
-5091
-4777
-5076
-4934
-4994
-5366
-5034
-5248
-5184
-4838
-4887
-5267
-5081
-5206
-5323
-5376
-4895
-4973
-4869
-4981
-5332
-5209
-4793
-5071
-5007
-5251
-5034
-5368
-4899
-5310
-5245
-5385
-5235
-5420
-5359
-5144
-5236
-4843
-4986
-4821
-5242
-4834
-5376
-5085
-5086
-4907
-5032
-5050
-5385
-4850
-5129
-5146
-5337
-5087
-5167
-5130
-5196
-5265
-5000
-5227
-4849
-5163
-5007
-4872
-5111
-4999
-5400
-5188
-4987
-4865
-5250
-4833
-4836
-5173
-5428
-5381
-5198
-5000
-4920
-5185
-5045
-5078
-5275
-5186
-5474
-5341
-5279
-5011
-4971
-4956
-5446
-4964
-5403
-5180
-5048
-5047
-5150
-5170
-4898
-5126
-4918
-4979
-5156
-5020
-5484
-5472
-5119
-5180
-5464
-5493
-5356
-5199
-5100
-4949
-4916
-4897
-5077
-5195
-5284
-5412
-5033
-5155
-5407
-5425
-5127
-5017
-5431
-5244
-5001
-4922
-5104
-4927
-5026
-4909
-5017
-5389
-4904
-5250
-5032
-5444
-5326
-5383
-5443
-5215
-4927
-5091
-4979
-5138
-5218
-5290
-5332
-5294
-5316
-5121
-5164
-5330
-5139
-5254
-5062
-5525
-5410
-5175
-4978
-5217
-5318
-5497
-5253
-5155
-4944
-5055
-5182
-5456
-5210
-5139
-5027
-5261
-5265
-5537
-5321
-5568
-5501
-5400
-5461
-5296
-5581
-5523
-5227
-5222
-5580
-5447
-5540
-5074
-5128
-5362
-5326
-5483
-5021
-5090
-5307
-5217
-5167
-5217
-4972
-5095
-5510
-5327
-5280
-5187
-5129
-5133
-5550
-5565
-5118
-5154
-5105
-4989
-5401
-5462
-5093
-5036
-5282
-5358
-5046
-4981
-4984
-5095
-5067
-5312
-5437
-5066
-5448
-5219
-5023
-5336
-5231
-5540
-5087
-5472
-5248
-5543
-5616
-5521
-5280
-5159
-5357
-5509
-5388
-5413
-5631
-5417
-5067
-5194
-5527
-5571
-5099
-5541
-5097
-5020
-5489
-5407
-5629
-5424
-5636
-5493
-5309
-5371
-5331
-5460
-5118
-5140
-5148
-5038
-5610
-5272
-5247
-5209
-5283
-5109
-5534
-5077
-5280
-5590
-5386
-5659
-5346
-5429
-5046
-5671
-5686
-5366
-5149
-5401
-5220
-5163
-5448
-5626
-5275
-5659
-5379
-5075
-5363
-5634
-5639
-5067
-5350
-5636
-5555
-5700
-5554
-5691
-5084
-5656
-5493
-5309
-5584
-5363
-5320
-5585
-5391
-5476
-5202
-5133
-5619
-5150
-5154
-5660
-5096
-5513
-5592
-5134
-5553
-5137
-5147
-5117
-5458
-5139
-5370
-5569
-5171
-5495
-5212
-5194
-5535
-5149
-5411
-5499
-5496
-5109
-5364
-5731
-5610
-5456
-5445
-5598
-5251
-5642
-5327
-5446
-5560
-5532
-5175
-5722
-5260
-5669
-5177
-5518
-5183
-5396
-5677
-5168
-5398
-5635
-5566
-5762
-5384
-5230
-5539
-5670
-5590
-5598
-5657
-5580
-5498
-5219
-5463
-5729
-5675
-5447
-5494
-5205
-5199
-5265
-5588
-5322
-5386
-5207
-5484
-5408
-5648
-5218
-5545
-5623
-5720
-5718
-5649
-5393
-5800
-5752
-5444
-5266
-5573
-5244
-5242
-5267
-5582
-5231
-5349
-5720
-5744
-5199
-5344
-5402
-5775
-5696
-5295
-5520
-5311
-5210
-5791
-5375
-5656
-5433
-5715
-5581
-5822
-5750
-5771
-5300
-5199
-5498
-5447
-5570
-5685
-5603
-5300
-5297
-5563
-5326
-5614
-5319
-5720
-5354
-5459
-5700
-5390
-5721
-5539
-5655
-5396
-5769
-5222
-5395
-5848
-5285
-5832
-5224
-5578
-5439
-5666
-5232
-5840
-5559
-5574
-5250
-5809
-5827
-5559
-5870
-5328
-5799
-5341
-5579
-5658
-5650
-5463
-5576
-5609
-5600
-5601
-5460
-5472
-5342
-5456
-5287
-5872
-5709
-5438
-5629
-5382
-5433
-5380
-5376
-5262
-5737
-5897
-5883
-5769
-5549
-5323
-5591
-5786
-5529
-5895
-5294
-5842
-5609
-5893
-5621
-5470
-5756
-5872
-5898
-5736
-5564
-5728
-5341
-5421
-5285
-5740
-5666
-5598
-5488
-5679
-5418
-5613
-5723
-5676
-5603
-5487
-5691
-5726
-5672
-5350
-5801
-5788
-5384
-5467
-5350
-5728
-5677
-5884
-5717
-5903
-5769
-5581
-5512
-5795
-5717
-5899
-5426
-5609
-5847
-5417
-5880
-5707
-5453
-5372
-5337
-5635
-5921
-5839
-5866
-5702
-5334
-5811
-5749
-5692
-5639
-5460
-5703
-5566
-5603
-5965
-5518
-5584
-5778
-5404
-5737
-5403
-5368
-5846
-5378
-5681
-5376
-5832
-5670
-5551
-5423
-5715
-5531
-5829
-5667
-5427
-5540
-5723
-5964
-5794
-5684
-5785
-5613
-5976
-5874
-5787
-5838
-5404
-5490
-5785
-5606
-5624
-5395
-5569
-5876
-5383
-5952
-5974
-5802
-5874
-5382
-5835
-5892
-5856
-5998
-5434
-5965
-5490
-5394
-5544
-5515
-5663
-5648
-5461
-5515
-5643
-5572
-5754
-5755
-5538
-6044
-5871
-5634
-5692
-5409
-5483
-6015
-5472
-5443
-5893
-5629
-5720
-6020
-5858
-5844
-5524
-5969
-5832
-5626
-5635
-5531
-5520
-5779
-5783
-5622
-5965
-5806
-5745
-5735
-5570
-5577
-5473
-5528
-5657
-5995
-5786
-5511
-5599
-5921
-5718
-5512
-5996
-5572
-5482
-5498
-5805
-5933
-5597
-5769
-5588
-5875
-5773
-5835
-5891
-5627
-5778
-6023
-6034
-6022
-5873
-5727
-5835
-5881
-5810
-5527
-5939
-5708
-5910
-5808
-5509
-5713
-5751
-5748
-5954
-5889
-5702
-5800
-5884
-5527
-5743
-5998
-5515
-5654
-5550
-6032
-5884
-5546
-5777
-5749
-5559
-5763
-5667
-5756
-6083
-5955
-5871
-5529
-5958
-5646
-5959
-5892
-5551
-6132
-5803
-6069
-5590
-5575
-5821
-5943
-6117
-5882
-6086
-5571
-5608
-5989
-5529
-5796
-5829
-5910
-6057
-5954
-6084
-5997
-5958
-6115
-5729
-6089
-5532
-5602
-5562
-5958
-5849
-5812
-5724
-5585
-5695
-5545
-5931
-5857
-5855
-5915
-5825
-6022
-6069
-5868
-5602
-5630
-5905
-5713
-5847
-6059
-5929
-5831
-6174
-6098
-5778
-6080
-5561
-5621
-5856
-5777
-5566
-5863
-5963
-5842
-5953
-5745
-5973
-5693
-6073
-5944
-5959
-5596
-6183
-5750
-5820
-5782
-6009
-6151
-6016
-5699
-5665
-5738
-6214
-6154
-6067
-6191
-6208
-5724
-5826
-5634
-5945
-5755
-6033
-6049
-6217
-6149
-6197
-5785
-6038
-6091
-5986
-5984
-5876
-5675
-6076
-5689
-5985
-5896
-5735
-5777
-6247
-6255
-5919
-6118
-5976
-5802
-5994
-6252
-5860
-6217
-6140
-5810
-5685
-5904
-6060
-5998
-6037
-5869
-6272
-5677
-5939
-5952
-6228
-6107
-6157
-5944
-6216
-6098
-6230
-5688
-6260
-6277
-5797
-5990
-6031
-5878
-6124
-5934
-6028
-5751
-6086
-6130
-6043
-6113
-5959
-5924
-6148
-6068
-5887
-6160
-5871
-6287
-6250
-5692
-6156
-6045
-5770
-5862
-6095
-6168
-5877
-6137
-6012
-6047
-5682
-5715
-5810
-6306
-6021
-5874
-6077
-6082
-6005
-6286
-6221
-6163
-6251
-5811
-6136
-6045
-6095
-6233
-6111
-5830
-5805
-6329
-5722
-5753
-6174
-6113
-6146
-6237
-6136
-5763
-6098
-6005
-6218
-5828
-5851
-5930
-5982
-5858
-6050
-6329
-5926
-6178
-5869
-6010
-6073
-6059
-5775
-6288
-6073
-6226
-6154
-5995
-6236
-5916
-6067
-5973
-6176
-6329
-6019
-5983
-6271
-6369
-6331
-5939
-6207
-6342
-5750
-5897
-6347
-6223
-6047
-6000
-6235
-6212
-6307
-5781
-5903
-5897
-6298
-6106
-6253
-6194
-6153
-6181
-5906
-6005
-5875
-6169
-5837
-6218
-6392
-6073
-5959
-5967
-6072
-6068
-6340
-6007
-5793
-6364
-5911
-5905
-5822
-5949
-6023
-5798
-5825
-6400
-6421
-6385
-6034
-5918
-6100
-5899
-5901
-6136
-6036
-6024
-6404
-6143
-6424
-6403
-5989
-5817
-6258
-6394
-5987
-5879
-6277
-6362
-5899
-6100
-6397
-6307
-5817
-5941
-6195
-6192
-6412
-6047
-6029
-5905
-6317
-6271
-6050
-5976
-6367
-6213
-6456
-5937
-6232
-6052
-6200
-5959
-6432
-6105
-5907
-5972
-6344
-6377
-6129
-6223
-6400
-6286
-6142
-5966
-6187
-6412
-5889
-5951
-6456
-5942
-5944
-6446
-6066
-6109
-5874
-6259
-6469
-6184
-6128
-6422
-6037
-6385
-6318
-6135
-6295
-5878
-5946
-6237
-6148
-6382
-6485
-6002
-6397
-6435
-6171
-6477
-6326
-6058
-6122
-6317
-6441
-6467
-6491
-6255
-6339
-5906
-6123
-6152
-5993
-6058
-6248
-5913
-5895
-6403
-6321
-6215
-6043
-6036
-6451
-6451
-5984
-6079
-6439
-6352
-6170
-6064
-5918
-6493
-6309
-6516
-6056
-5971
-6396
-6099
-6116
-6465
-6059
-6367
-6328
-5951
-6431
-6548
-6244
-6393
-6433
-6456
-6006
-6456
-6153
-6508
-6407
-6216
-6296
-6128
-6095
-6529
-6022
-6323
-6330
-6399
-6200
-6432
-6003
-6345
-6534
-6484
-6074
-6234
-6327
-6410
-6531
-6433
-6566
-6379
-6352
-6422
-6237
-6347
-6267
-6449
-6315
-6229
-6382
-6519
-6318
-6512
-5976
-6497
-6203
-6184
-5981
-6182
-6457
-6277
-6192
-6308
-6570
-6054
-6093
-6019
-6154
-6182
-6137
-6142
-6479
-6496
-6528
-6228
-6215
-6225
-6470
-6288
-6265
-6550
-6214
-6246
-6235
-6254
-6576
-6334
-6132
-6121
-6201
-6344
-6524
-6535
-6477
-6370
-6028
-6371
-6551
-6168
-6257
-6634
-6399
-6612
-6648
-6550
-6073
-6156
-6225
-6271
-6363
-6531
-6028
-6185
-6467
-6576
-6059
-6091
-6553
-6099
-6354
-6252
-6055
-6385
-6363
-6123
-6447
-6326
-6320
-6248
-6130
-6382
-6078
-6273
-6252
-6680
-6067
-6600
-6255
-6458
-6130
-6595
-6592
-6427
-6118
-6522
-6152
-6362
-6134
-6155
-6628
-6629
-6212
-6631
-6094
-6435
-6706
-6073
-6085
-6387
-6183
-6288
-6095
-6476
-6083
-6463
-6474
-6221
-6371
-6545
-6151
-6177
-6719
-6535
-6692
-6458
-6694
-6571
-6532
-6427
-6536
-6231
-6666
-6161
-6118
-6586
-6357
-6410
-6664
-6325
-6729
-6256
-6553
-6602
-6187
-6560
-6117
-6259
-6700
-6580
-6730
-6404
-6438
-6131
-6595
-6225
-6390
-6342
-6384
-6122
-6576
-6153
-6378
-6316
-6677
-6319
-6190
-6651
-6648
-6309
-6255
-6442
-6447
-6151
-6583
-6218
-6670
-6231
-6777
-6729
-6339
-6523
-6574
-6575
-6518
-6345
-6779
-6316
-6222
-6304
-6635
-6223
-6246
-6676
-6367
-6389
-6290
-6347
-6615
-6346
-6782
-6211
-6421
-6263
-6288
-6229
-6474
-6725
-6428
-6798
-6274
-6184
-6585
-6197
-6805
-6240
-6677
-6627
-6277
-6493
-6543
-6231
-6456
-6195
-6809
-6598
-6543
-6738
-6637
-6407
-6316
-6411
-6763
-6252
-6581
-6263
-6451
-6206
-6446
-6380
-6523
-6224
-6307
-6366
-6316
-6389
-6332
-6389
-6352
-6643
-6681
-6213
-6635
-6626
-6551
-6529
-6267
-6300
-6285
-6508
-6801
-6743
-6674
-6455
-6759
-6492
-6474
-6296
-6314
-6361
-6846
-6523
-6435
-6829
-6326
-6366
-6523
-6694
-6804
-6489
-6397
-6374
-6725
-6564
-6313
-6327
-6681
-6700
-6437
-6880
-6820
-6634
-6839
-6333
-6826
-6757
-6546
-6492
-6577
-6810
-6402
-6360
-6329
-6681
-6709
-6390
-6601
-6828
-6379
-6895
-6352
-6801
-6587
-6717
-6392
-6682
-6704
-6837
-6526
-6700
-6782
-6444
-6550
-6899
-6322
-6629
-6710
-6669
-6526
-6652
-6320
-6783
-6361
-6523
-6840
-6428
-6547
-6375
-6900
-6624
-6744
-6720
-6893
-6330
-6376
-6475
-6715
-6945
-6311
-6340
-6715
-6890
-6416
-6919
-6466
-6357
-6363
-6707
-6628
-6590
-6362
-6353
-6700
-6746
-6783
-6905
-6415
-6638
-6348
-6725
-6956
-6641
-6658
-6458
-6524
-6755
-6546
-6492
-6979
-6965
-6667
-6655
-6345
-6930
-6350
-6698
-6466
-6791
-6960
-6611
-6628
-6976
-6958
-6925
-6399
-6826
-6642
-6835
-6765
-6473
-6588
-6521
-6403
-6641
-6977
-6934
-6558
-6527
-6987
-6489
-6492
-6908
-6842
-6650
-6561
-6783
-6518
-6739
-6890
-6714
-6963
-6776
-6608
-6848
-6755
-7023
-6663
-6547
-6785
-6950
-6727
-6424
-6653
-7026
-6543
-6959
-6803
-6887
-7018
-7029
-6863
-6665
-6709
-6815
-6583
-6466
-6715
-6661
-6893
-6450
-6908
-6720
-6781
-6620
-6611
-6569
-6441
-6619
-6630
-6920
-6662
-6687
-6661
-7033
-6872
-6559
-6790
-6658
-6524
-6902
-6613
-7063
-6707
-6900
-6862
-6479
-6506
-6741
-6803
-6839
-6676
-6917
-6506
-6732
-7065
-6804
-6890
-6576
-6716
-6725
-6550
-7087
-7076
-6894
-6608
-6886
-6872
-6672
-6544
-7046
-6975
-6552
-6865
-6649
-6902
-6602
-6755
-6713
-6479
-6630
-6563
-6517
-6744
-6596
-6680
-6524
-7009
-7024
-7078
-6524
-6958
-6731
-6765
-6724
-7123
-6741
-6792
-6956
-6544
-6740
-6816
-6839
-6780
-6775
-6915
-6728
-7077
-6885
-7013
-6965
-6770
-6521
-6519
-6519
-6723
-7028
-6997
-6741
-7107
-6623
-7011
-6626
-6744
-6790
-6966
-6646
-6713
-7154
-6989
-6575
-6962
-6862
-6724
-7080
-6821
-6929
-7021
-7034
-6917
-6734
-6852
-6892
-6967
-6637
-6592
-6895
-6788
-6971
-6871
-6854
-6941
-6562
-6723
-6783
-6717
-7140
-6839
-6775
-7062
-6864
-6823
-6707
-7086
-6909
-6822
-6614
-6690
-6926
-7089
-7069
-6621
-6877
-6621
-7169
-6941
-7133
-6973
-6601
-6590
-6982
-6794
-7112
-6772
-6697
-7063
-7058
-6716
-7088
-6771
-6954
-6679
-6821
-6694
-6963
-6659
-6872
-6772
-7190
-6824
-7067
-6625
-6987
-6667
-7188
-7127
-6986
-6748
-7101
-6965
-6716
-7181
-7137
-7130
-6965
-6619
-7233
-7204
-7243
-6812
-6883
-6826
-7125
-7157
-7005
-7078
-7085
-7055
-7180
-6976
-6881
-7002
-6916
-7141
-7087
-6639
-6642
-6963
-6730
-6977
-7120
-6746
-6641
-6831
-6681
-6688
-6758
-7130
-6671
-7255
-7153
-7237
-7047
-6729
-7099
-6720
-6756
-6748
-7110
-6886
-7216
-7233
-6994
-6919
-6971
-7170
-6911
-7111
-6990
-7118
-6879
-6705
-7289
-6911
-7138
-7227
-6752
-6783
-7252
-7048
-6814
-7284
-7254
-7218
-6717
-7203
-6781
-6719
-6991
-6772
-6914
-7074
-6744
-7162
-6995
-7243
-6773
-7115
-7246
-7141
-7287
-6875
-7226
-6975
-7297
-6873
-7220
-6904
-6957
-6819
-6852
-6812
-7240
-6734
-7053
-7013
-7114
-7188
-7217
-6827
-7021
-7098
-7222
-7191
-7324
-7117
-7135
-6950
-7023
-6762
-6869
-6726
-6758
-7203
-7136
-7100
-6965
-7106
-6943
-7303
-6856
-7316
-6866
-7347
-7131
-6869
-6842
-6763
-6753
-6935
-7224
-6914
-6827
-7348
-6913
-7317
-7377
-7348
-7219
-6969
-6761
-6985
-7323
-7310
-6758
-7296
-7231
-7171
-7156
-6942
-7402
-7382
-7171
-7067
-7000
-6928
-7289
-6805
-7410
-7120
-6946
-7170
-7396
-6774
-7176
-7174
-6956
-7016
-6879
-7395
-7258
-7235
-7077
-7288
-7254
-6976
-7065
-7054
-7006
-7361
-7204
-7239
-6982
-7067
-6987
-7425
-6931
-6817
-7075
-7084
-6908
-7300
-6900
-6834
-7277
-7093
-7249
-7150
-6825
-7050
-7010
-6883
-7315
-7212
-6987
-7101
-7117
-7282
-6978
-7437
-6934
-7389
-7049
-7124
-7273
-7373
-7035
-6839
-7191
-7284
-7273
-7068
-7430
-7245
-6913
-7016
-7410
-7127
-7140
-6895
-6990
-7118
-7035
-7480
-7484
-7078
-6960
-7470
-7041
-6989
-7486
-7035
-7381
-7255
-7327
-7477
-7333
-6979
-7261
-6881
-7274
-7277
-7075
-7224
-6959
-7390
-7222
-7287
-7467
-7071
-7407
-6932
-7472
-6876
-7048
-7358
-7468
-7155
-7284
-7137
-7017
-7272
-7266
-7241
-7020
-7389
-7254
-6932
-7043
-7364
-6910
-7454
-6983
-7497
-7161
-7069
-7010
-7522
-7004
-6980
-7114
-7394
-7255
-6935
-7228
-7343
-7530
-7211
-7392
-6952
-7350
-7041
-7091
-7441
-7523
-7113
-7303
-7243
-7355
-7365
-7366
-7420
-7211
-7416
-6931
-7299
-7470
-7319
-7143
-6989
-7070
-7495
-7240
-6967
-7120
-7359
-7076
-7295
-7145
-7039
-7529
-7278
-7267
-6962
-7285
-7291
-7270
-7415
-7564
-7407
-7006
-6993
-7039
-7239
-7321
-7374
-7561
-6971
-7543
-7509
-7226
-7049
-7065
-7224
-7103
-7007
-7382
-6980
-7258
-7348
-7275
-7060
-7243
-7426
-7075
-7151
-7425
-7138
-7442
-7060
-7299
-7354
-7146
-7474
-7116
-7334
-7318
-7419
-7017
-7179
-7359
-7459
-7078
-7519
-7126
-7381
-7300
-7501
-7499
-7286
-7130
-7089
-7334
-7506
-7005
-7141
-7475
-7491
-7134
-7588
-7258
-7221
-7607
-7621
-7490
-7461
-7161
-7311
-7304
-7258
-7020
-7057
-7066
-7195
-7469
-7461
-7424
-7566
-7441
-7639
-7519
-7544
-7066
-7259
-7242
-7222
-7380
-7497
-7417
-7640
-7377
-7563
-7534
-7637
-7181
-7659
-7331
-7559
-7577
-7309
-7361
-7144
-7349
-7145
-7478
-7523
-7076
-7301
-7343
-7286
-7420
-7442
-7132
-7116
-7093
-7182
-7275
-7186
-7284
-7357
-7231
-7358
-7319
-7253
-7089
-7274
-7406
-7286
-7249
-7400
-7146
-7199
-7453
-7598
-7456
-7172
-7365
-7350
-7229
-7248
-7176
-7198
-7346
-7391
-7482
-7537
-7484
-7500
-7620
-7159
-7653
-7262
-7295
-7304
-7148
-7277
-7313
-7711
-7170
-7746
-7738
-7385
-7567
-7204
-7115
-7207
-7513
-7329
-7741
-7365
-7460
-7294
-7381
-7625
-7164
-7481
-7186
-7332
-7245
-7344
-7235
-7700
-7709
-7292
-7488
-7656
-7383
-7348
-7376
-7674
-7641
-7305
-7391
-7163
-7645
-7313
-7667
-7401
-7515
-7475
-7504
-7620
-7415
-7704
-7641
-7352
-7269
-7679
-7637
-7583
-7241
-7215
-7311
-7768
-7634
-7789
-7483
-7246
-7236
-7677
-7429
-7430
-7688
-7252
-7759
-7429
-7534
-7239
-7652
-7776
-7766
-7185
-7206
-7692
-7206
-7602
-7286
-7571
-7764
-7261
-7467
-7307
-7620
-7225
-7539
-7725
-7479
-7757
-7760
-7695
-7746
-7807
-7679
-7377
-7407
-7267
-7649
-7826
-7770
-7480
-7673
-7464
-7413
-7346
-7486
-7276
-7258
-7815
-7748
-7255
-7583
-7519
-7776
-7463
-7270
-7265
-7380
-7456
-7700
-7751
-7436
-7620
-7351
-7397
-7780
-7781
-7667
-7403
-7294
-7465
-7301
-7364
-7477
-7458
-7319
-7501
-7496
-7582
-7504
-7828
-7445
-7455
-7416
-7551
-7647
-7725
-7418
-7505
-7468
-7316
-7698
-7637
-7606
-7762
-7574
-7621
-7513
-7616
-7362
-7512
-7512
-7482
-7484
-7357
-7425
-7477
-7810
-7448
-7487
-7682
-7296
-7835
-7753
-7793
-7598
-7886
-7323
-7370
-7923
-7770
-7521
-7904
-7717
-7409
-7546
-7513
-7900
-7786
-7480
-7877
-7495
-7595
-7435
-7572
-7588
-7597
-7948
-7542
-7665
-7881
-7547
-7395
-7587
-7530
-7822
-7616
-7888
-7876
-7629
-7791
-7875
-7796
-7481
-7433
-7878
-7939
-7482
-7754
-7411
-7672
-7845
-7399
-7349
-7454
-7429
-7410
-7448
-7935
-7411
-7644
-7531
-7734
-7619
-7630
-7473
-7404
-7819
-7385
-7880
-7767
-7851
-7642
-7816
-7408
-7472
-7594
-7424
-7513
-7776
-7631
-7505
-7876
-7769
-7634
-7592
-8000
-7666
-7450
-7875
-7657
-7867
-7468
-7807
-7526
-7551
-7719
-7733
-7599
-7998
-7942
-7880
-7941
-7513
-7877
-7882
-7814
-7564
-7665
-7403
-7648
-7894
-7722
-7833
-7745
-7980
-7423
-7421
-7560
-7530
-8025
-7482
-7441
-7693
-8019
-7662
-7870
-7411
-7579
-7687
-7454
-7936
-7822
-7622
-7870
-7504
-7900
-7657
-7469
-7961
-7809
-7494
-7975
-7927
-7674
-8062
-8035
-7886
-7585
-7621
-7782
-7970
-7520
-7598
-7657
-7555
-7542
-7523
-7926
-7610
-8079
-7506
-7525
-7585
-7745
-7764
-7657
-7500
-8003
-7600
-7578
-7777
-7619
-7838
-7779
-7600
-7974
-8056
-7687
-7629
-7689
-7875
-8019
-7695
-7491
-7560
-8054
-7707
-7764
-8065
-7605
-7743
-7999
-8008
-8037
-7759
-7745
-7529
-7900
-7983
-7799
-7712
-8068
-7819
-7932
-7854
-7489
-7774
-8087
-8077
-8100
-7850
-7601
-7493
-7918
-7681
-7533
-7645
-7725
-7700
-7533
-7684
-8083
-7954
-7734
-7816
-7705
-7527
-7698
-7988
-7682
-7684
-7859
-7763
-7729
-8078
-7674
-7608
-7981
-8004
-8019
-7583
-7906
-7954
-7956
-8167
-8148
-7594
-8093
-7595
-7547
-7569
-8027
-7911
-8018
-8031
-7811
-7595
-7927
-7928
-7700
-8011
-7859
-7728
-7913
-7595
-7568
-7874
-7758
-7876
-7550
-7635
-8083
-7691
-8171
-7850
-8122
-7832
-7681
-8135
-7870
-7695
-7755
-7758
-8186
-7679
-8197
-7970
-7940
-7718
-7783
-7780
-7852
-8075
-7779
-8063
-7839
-7906
-8206
-7697
-7652
-8149
-7586
-7995
-7626
-8091
-8131
-7947
-8180
-7614
-7918
-7663
-7832
-7888
-7972
-8092
-8188
-7735
-7750
-7848
-8098
-7815
-7638
-7948
-7944
-8153
-7812
-7999
-7776
-7725
-7878
-7767
-8038
-7843
-7834
-8182
-7686
-7890
-7726
-8084
-7814
-7874
-8116
-7817
-8212
-8156
-7665
-8263
-8175
-7923
-7888
-8137
-8189
-7731
-8085
-8266
-8238
-8265
-7645
-7671
-8012
-7927
-8037
-7812
-7701
-7701
-8057
-7790
-8049
-7854
-8050
-8289
-7755
-8188
-7656
-8076
-7876
-8102
-8149
-7834
-8146
-7993
-8125
-7757
-7980
-8194
-8175
-7912
-8251
-8268
-7934
-7876
-8173
-8186
-7703
-7831
-8037
-8033
-7735
-8207
-8243
-7895
-7957
-8241
-7945
-7690
-8321
-8184
-8245
-7702
-8188
-8014
-8218
-8039
-8259
-7846
-7754
-7724
-7942
-8025
-8271
-8224
-7852
-7866
-7964
-7935
-8119
-7813
-8313
-7844
-8240
-7809
-8224
-7858
-7887
-7902
-8167
-8130
-8200
-7774
-8191
-8279
-8075
-7942
-7908
-7786
-8078
-8269
-8131
-7889
-8195
-7776
-7870
-7793
-8044
-8354
-8344
-8171
-8003
-7976
-7951
-7868
-8130
-7958
-8305
-8285
-8365
-8114
-7878
-7820
-8295
-7757
-8127
-8048
-7791
-7922
-8045
-8263
-7890
-8043
-8295
-8314
-8177
-7938
-7893
-8294
-8319
-8346
-8163
-8255
-8044
-8352
-8031
-7915
-8208
-7796
-8209
-8093
-7789
-7874
-7785
-8056
-8191
-8344
-7986
-7915
-8250
-7789
-8165
-7833
-8287
-8198
-7844
-7894
-8426
-8136
-8001
-7953
-7917
-7922
-8007
-7818
-8254
-7851
-7932
-8347
-8290
-8367
-8426
-7994
-8249
-8203
-8225
-8305
-8182
-8044
-7867
-8337
-7944
-8387
-7992
-8297
-7991
-8378
-8280
-8254
-8118
-8410
-8375
-8304
-8089
-8164
-8082
-8118
-8215
-7928
-7926
-7902
-7927
-8311
-8399
-8098
-8308
-8461
-8303
-8477
-8318
-7916
-8127
-7960
-8349
-8033
-8379
-8402
-8195
-8294
-7936
-8294
-8397
-8297
-7987
-7913
-8464
-8159
-8450
-7996
-8064
-7957
-8453
-8233
-8225
-8146
-8100
-8314
-8484
-8504
-7927
-7996
-8440
-8311
-8416
-7972
-7977
-8032
-8219
-8473
-8353
-8312
-8004
-8485
-7911
-8327
-8071
-8081
-7926
-8127
-8081
-8512
-8006
-8042
-8221
-7996
-8467
-8442
-8063
-8416
-8349
-8063
-8540
-7940
-8228
-8027
-8233
-8267
-8008
-8387
-8191
-8201
-8359
-8030
-8328
-7985
-7926
-8060
-8347
-8005
-8182
-8239
-8352
-8115
-8413
-8111
-8516
-8442
-8062
-7951
-8374
-8318
-7982
-8011
-7973
-8530
-8212
-7943
-8102
-7974
-8442
-7981
-8258
-8108
-8400
-8408
-8279
-8189
-8139
-8209
-8471
-7970
-8488
-7997
-8438
-8170
-8071
-8340
-8526
-8315
-8345
-8257
-8574
-8012
-8164
-8489
-8465
-8379
-8067
-8394
-8370
-8609
-8182
-8295
-8382
-8147
-8397
-8051
-8359
-8422
-8612
-8334
-8200
-8338
-8313
-8012
-8505
-8443
-8625
-8430
-8558
-8551
-8018
-8464
-8639
-8068
-8515
-8082
-8553
-8446
-8438
-8182
-8296
-8613
-8436
-8578
-8528
-8456
-8131
-8203
-8486
-8329
-8276
-8199
-8346
-8072
-8463
-8588
-8368
-8198
-8029
-8371
-8092
-8546
-8133
-8154
-8290
-8114
-8459
-8064
-8091
-8117
-8590
-8666
-8446
-8254
-8404
-8193
-8486
-8068
-8096
-8205
-8294
-8287
-8523
-8395
-8144
-8689
-8083
-8466
-8483
-8305
-8658
-8590
-8537
-8063
-8558
-8153
-8246
-8384
-8694
-8434
-8573
-8277
-8077
-8179
-8443
-8167
-8199
-8440
-8383
-8462
-8190
-8173
-8649
-8616
-8215
-8082
-8245
-8568
-8206
-8517
-8221
-8563
-8681
-8642
-8297
-8728
-8613
-8496
-8096
-8206
-8727
-8111
-8176
-8500
-8444
-8541
-8280
-8496
-8119
-8430
-8557
-8223
-8537
-8389
-8222
-8466
-8149
-8450
-8471
-8332
-8604
-8739
-8238
-8349
-8751
-8552
-8479
-8348
-8507
-8273
-8221
-8277
-8338
-8399
-8734
-8465
-8369
-8374
-8294
-8435
-8711
-8176
-8673
-8578
-8184
-8702
-8714
-8561
-8438
-8410
-8648
-8150
-8785
-8311
-8162
-8494
-8750
-8548
-8424
-8540
-8461
-8678
-8734
-8524
-8576
-8735
-8270
-8308
-8701
-8185
-8420
-8809
-8510
-8471
-8571
-8714
-8639
-8377
-8498
-8458
-8266
-8785
-8313
-8400
-8192
-8658
-8255
-8617
-8817
-8744
-8549
-8803
-8598
-8227
-8579
-8257
-8789
-8722
-8690
-8403
-8369
-8682
-8496
-8645
-8467
-8456
-8700
-8751
-8431
-8258
-8300
-8643
-8523
-8746
-8242
-8751
-8324
-8819
-8428
-8845
-8722
-8323
-8719
-8220
-8715
-8426
-8341
-8550
-8381
-8654
-8816
-8728
-8776
-8848
-8606
-8874
-8752
-8462
-8467
-8648
-8815
-8491
-8352
-8683
-8406
-8642
-8429
-8344
-8809
-8793
-8484
-8251
-8855
-8596
-8460
-8825
-8537
-8783
-8295
-8629
-8739
-8411
-8325
-8267
-8483
-8699
-8307
-8881
-8897
-8612
-8493
-8302
-8639
-8584
-8837
-8835
-8450
-8666
-8548
-8400
-8899
-8430
-8321
-8445
-8642
-8409
-8329
-8566
-8441
-8882
-8337
-8561
-8766
-8814
-8667
-8829
-8798
-8317
-8745
-8540
-8736
-8878
-8736
-8597
-8460
-8668
-8699
-8444
-8484
-8766
-8499
-8661
-8382
-8511
-8387
-8693
-8627
-8527
-8903
-8590
-8753
-8956
-8714
-8867
-8498
-8451
-8920
-8496
-8871
-8808
-8560
-8393
-8559
-8525
-8372
-8726
-8371
-8469
-8357
-8553
-8374
-8450
-8422
-8712
-8762
-8868
-8347
-8685
-8706
-8819
-8553
-8552
-8670
-8425
-8550
-8750
-8996
-8381
-8795
-8941
-8940
-8572
-8745
-8812
-8984
-8496
-8393
-8839
-8841
-8771
-8991
-8979
-8574
-8483
-8374
-8638
-8724
-8499
-8568
-8431
-8799
-8663
-8835
-8857
-8836
-8518
-8938
-8966
-8593
-8775
-8460
-9027
-8843
-8904
-8454
-8825
-8678
-8735
-8563
-8801
-8439
-8830
-8777
-8680
-8496
-8561
-9016
-8519
-8616
-8922
-8932
-8897
-9022
-8799
-8454
-9012
-8529
-8768
-8764
-8999
-9006
-8698
-8745
-8574
-8777
-8496
-8759
-8846
-8698
-8634
-8969
-8585
-8760
-8855
-8582
-8756
-8749
-8625
-8482
-8540
-8528
-8502
-8654
-8860
-8745
-8888
-8546
-8659
-8897
-8621
-8526
-8983
-8573
-9059
-8918
-8738
-9008
-8741
-9064
-9076
-8633
-8901
-8656
-9000
-8738
-9007
-8558
-8898
-8966
-8812
-8610
-8605
-8489
-9023
-8716
-8772
-8816
-8632
-9104
-8868
-9106
-8914
-8677
-8698
-9053
-8951
-8536
-9025
-9055
-8550
-9017
-8618
-9041
-8637
-8641
-9073
-8969
-8640
-8673
-9003
-8676
-9009
-8806
-8916
-8520
-8936
-8925
-9007
-8604
-8543
-8812
-8749
-8962
-8774
-8658
-8540
-8944
-8685
-8610
-8696
-8640
-8910
-9056
-8624
-8644
-8917
-8759
-8981
-8801
-9010
-8965
-8809
-8833
-8872
-8886
-8831
-9087
-8606
-8880
-9145
-9029
-8634
-8744
-8971
-8927
-8613
-8792
-8573
-9090
-8671
-8626
-8983
-9135
-8818
-8624
-8837
-8876
-8830
-8747
-8850
-8903
-8894
-8715
-8572
-8794
-9045
-8855
-8845
-8612
-9158
-9164
-8694
-9033
-8994
-8654
-8675
-8956
-8909
-8581
-8902
-8871
-9016
-8840
-8890
-8800
-9024
-8820
-8779
-8815
-8606
-9132
-9083
-8819
-8714
-9202
-9114
-9207
-9131
-8599
-8797
-8646
-8656
-9071
-8724
-8758
-9227
-8957
-8860
-8774
-9151
-8754
-9235
-8710
-9211
-9231
-8996
-8684
-8618
-8948
-8791
-8996
-8770
-9189
-8851
-9020
-8759
-8711
-8756
-8934
-9027
-8997
-8686
-8659
-8633
-9210
-9269
-9172
-8942
-9118
-8657
-9101
-9203
-9167
-8983
-8973
-8989
-9112
-8854
-8832
-8673
-8744
-8896
-9248
-8862
-8925
-8830
-8985
-8875
-9052
-8683
-8881
-8960
-8933
-8947
-8910
-9143
-8794
-8735
-8729
-9020
-8693
-9288
-9191
-8864
-8813
-8821
-8860
-8769
-8877
-8991
-9320
-8778
-8778
-9012
-8801
-9146
-8776
-8954
-9207
-8951
-9200
-8734
-8748
-8956
-9191
-8750
-9289
-8786
-8769
-8997
-9072
-8715
-9102
-8714
-9209
-8702
-8842
-9032
-8733
-9131
-8892
-8761
-9274
-8840
-8762
-8987
-9235
-8957
-8985
-9318
-9348
-8724
-9175
-9187
-9241
-8976
-9360
-9189
-8859
-8829
-8807
-8907
-9243
-9205
-9257
-9182
-9058
-9334
-9361
-8896
-8915
-9344
-9349
-8843
-9131
-8983
-8824
-8808
-9269
-8944
-9167
-8793
-9167
-8982
-9242
-9329
-8849
-8885
-8949
-9348
-9119
-8881
-8925
-8776
-9025
-9017
-9372
-9049
-8824
-8902
-9280
-8823
-9021
-8916
-8981
-9376
-8905
-9182
-9128
-8928
-9013
-8787
-8854
-9144
-8872
-9081
-8803
-9319
-9283
-9169
-8939
-9388
-9046
-9016
-9384
-9156
-9115
-8799
-8945
-9101
-9268
-9189
-8842
-9418
-9395
-9410
-9034
-9176
-9377
-8816
-8863
-9002
-8839
-9113
-9153
-9455
-9371
-9106
-9039
-8826
-9300
-9383
-9170
-8986
-9047
-9460
-8995
-9143
-8825
-9030
-9452
-8931
-9233
-9448
-9335
-9161
-8922
-8895
-9096
-9116
-8856
-9129
-9463
-9144
-9409
-9354
-9219
-9089
-9219
-8951
-9107
-9395
-9254
-9051
-9222
-9144
-9437
-9409
-9483
-9355
-9336
-9338
-9266
-9307
-9097
-9120
-9135
-8947
-9018
-8874
-9453
-9370
-8912
-9384
-9326
-9456
-9211
-9277
-9119
-9098
-9417
-9468
-9156
-9057
-9259
-9287
-9301
-9187
-9412
-9324
-9097
-9006
-9170
-9380
-9351
-9068
-9112
-9228
-8919
-9531
-8968
-9075
-9250
-9127
-9230
-9053
-9394
-9309
-9082
-9017
-8969
-9382
-9415
-9468
-9274
-9012
-9266
-9392
-9253
-9102
-9262
-8988
-9187
-9319
-9468
-9210
-9009
-9159
-9131
-9215
-9484
-9184
-9312
-8945
-8957
-9569
-9191
-9336
-8985
-9109
-9240
-9420
-9288
-9232
-9231
-9166
-9523
-9277
-9191
-9502
-9259
-9424
-9113
-9494
-9557
-9475
-9539
-9221
-8957
-9061
-9436
-9590
-9230
-9320
-8991
-9233
-9026
-9118
-9589
-9216
-9038
-9386
-9428
-8984
-9509
-9519
-9277
-9193
-9271
-9513
-9438
-9111
-9481
-9155
-9125
-9486
-9097
-9612
-9213
-9228
-8995
-9209
-9066
-9606
-9102
-9260
-9522
-9149
-9330
-9514
-9629
-9099
-9080
-9329
-9106
-9428
-9599
-9145
-9034
-9221
-9328
-9242
-9123
-9600
-9274
-9247
-9065
-9606
-9258
-9627
-9249
-9422
-9525
-9185
-9591
-9356
-9664
-9543
-9435
-9439
-9304
-9351
-9207
-9421
-9215
-9213
-9060
-9073
-9522
-9438
-9370
-9116
-9126
-9490
-9094
-9146
-9235
-9064
-9184
-9381
-9594
-9551
-9313
-9479
-9467
-9178
-9501
-9230
-9066
-9598
-9119
-9351
-9129
-9204
-9601
-9606
-9578
-9318
-9217
-9657
-9134
-9575
-9627
-9607
-9273
-9084
-9491
-9367
-9089
-9312
-9489
-9686
-9226
-9321
-9198
-9718
-9595
-9213
-9237
-9348
-9559
-9690
-9417
-9545
-9477
-9434
-9485
-9596
-9217
-9175
-9256
-9493
-9256
-9405
-9619
-9209
-9468
-9256
-9618
-9359
-9399
-9167
-9536
-9339
-9117
-9133
-9415
-9595
-9563
-9213
-9571
-9212
-9632
-9530
-9515
-9634
-9252
-9584
-9402
-9302
-9252
-9218
-9562
-9196
-9551
-9637
-9632
-9160
-9400
-9613
-9584
-9314
-9601
-9557
-9718
-9531
-9245
-9549
-9439
-9309
-9449
-9384
-9776
-9469
-9689
-9329
-9710
-9366
-9375
-9398
-9675
-9183
-9551
-9760
-9444
-9626
-9434
-9276
-9789
-9291
-9367
-9195
-9787
-9470
-9398
-9314
-9716
-9405
-9327
-9813
-9500
-9260
-9673
-9383
-9686
-9773
-9335
-9393
-9263
-9605
-9532
-9417
-9371
-9643
-9242
-9471
-9696
-9837
-9331
-9524
-9366
-9223
-9271
-9764
-9441
-9637
-9319
-9752
-9609
-9468
-9635
-9666
-9680
-9459
-9353
-9541
-9476
-9455
-9685
-9358
-9791
-9802
-9653
-9484
-9578
-9222
-9249
-9225
-9416
-9720
-9587
-9471
-9490
-9254
-9591
-9793
-9800
-9796
-9590
-9617
-9348
-9288
-9839
-9718
-9646
-9266
-9776
-9308
-9261
-9489
-9445
-9312
-9850
-9650
-9374
-9482
-9551
-9815
-9291
-9861
-9797
-9829
-9822
-9423
-9757
-9369
-9830
-9527
-9532
-9721
-9430
-9312
-9507
-9694
-9336
-9460
-9465
-9674
-9314
-9482
-9711
-9756
-9285
-9426
-9806
-9650
-9518
-9686
-9467
-9375
-9881
-9654
-9478
-9401
-9853
-9740
-9626
-9299
-9655
-9929
-9480
-9333
-9527
-9430
-9862
-9472
-9600
-9829
-9546
-9504
-9335
-9491
-9711
-9535
-9812
-9714
-9834
-9435
-9938
-9673
-9529
-9850
-9454
-9957
-9376
-9435
-9592
-9904
-9623
-9891
-9746
-9639
-9655
-9921
-9336
-9907
-9809
-9770
-9443
-9777
-9366
-9367
-9596
-9594
-9458
-9661
-9899
-9779
-9402
-9484
-9436
-9423
-9965
-9720
-9671
-9412
-9402
-9614
-9385
-9571
-9924
-9990
-9775
-9706
-9382
-9436
-9870
-9369
-9794
-9555
-9666
-9702
-9407
-9483
-9465
-9614
-9880
-9456
-9898
-9812
-9515
-9527
-9541
-9822
-9833
-9901
-9608
-9961
-9440
-9771
-9992
-9763
-9469
-10024
-9715
-9763
-9678
-9584
-9969
-9455
-9765
-9870
-9451
-9672
-9586
-9774
-10022
-9671
-9513
-9792
-9943
-9431
-9570
-9735
-9776
-9959
-10041
-9515
-9530
-9435
-9651
-9428
-9995
-9679
-9690
-9560
-9625
-9822
-9708
-9802
-10030
-9475
-9742
-9636
-9652
-9483
-9736
-10026
-9950
-9988
-9481
-9906
-9538
-9836
-9962
-9774
-9838
-9495
-9649
-9598
-9641
-10002
-9516
-9675
-9892
-10009
-9520
-10031
-9734
-10089
-10074
-9592
-9727
-10046
-9817
-9944
-9466
-9926
-9960
-9473
-9749
-9718
-9719
-9538
-9679
-9863
-9591
-9774
-9614
-9955
-9722
-9777
-9696
-9744
-9521
-10116
-10086
-9491
-9507
-9851
-9968
-9940
-9745
-9546
-9948
-9580
-9946
-9879
-9940
-10059
-9632
-10025
-9617
-9581
-9647
-9816
-9556
-9718
-9854
-9544
-9541
-9909
-9812
-10142
-9601
-9890
-9889
-9523
-9585
-9761
-9628
-9848
-10105
-9941
-9810
-9688
-9899
-9843
-9637
-10107
-9795
-10111
-9765
-9634
-9674
-10026
-10027
-9664
-9863
-9830
-10148
-10026
-10167
-9635
-10115
-9820
-10177
-9673
-10160
-9610
-9899
-10155
-9849
-9785
-9983
-9943
-9614
-9747
-9946
-10148
-9795
-10010
-9821
-10030
-9661
-10063
-10076
-10005
-9923
-9819
-9716
-9889
-9895
-9973
-9906
-10033
-10149
-9748
-9920
-9845
-9768
-9927
-9723
-9691
-9608
-10196
-10054
-10104
-9711
-9702
-9802
-9760
-10017
-9972
-9660
-9696
-9991
-9965
-9956
-9693
-9848
-10103
-10207
-9869
-9826
-9714
-9997
-10186
-10191
-9805
-10227
-9744
-10196
-10081
-9722
-9882
-9649
-9759
-9676
-9895
-10136
-9752
-9901
-9686
-10074
-10224
-10019
-9734
-9814
-9891
-10022
-9717
-9955
-10168
-9667
-9931
-10008
-10118
-10225
-10166
-9841
-9881
-10236
-9722
-9682
-9850
-9869
-9931
-9887
-9669
-9861
-9738
-10067
-10140
-10256
-10247
-9753
-10114
-10086
-10032
-10127
-9986
-9851
-9661
-9908
-9770
-10290
-10151
-9828
-9750
-10258
-9877
-10111
-9673
-9712
-10176
-9781
-9949
-9678
-9832
-10217
-10321
-10255
-10118
-9787
-10324
-10104
-9943
-10010
-9795
-10158
-10158
-10005
-10322
-9716
-9969
-10288
-10235
-9830
-9786
-9790
-10002
-9994
-9950
-10078
-10134
-9876
-9822
-10074
-10123
-10296
-10003
-9816
-9878
-10193
-10053
-9740
-9761
-10226
-10090
-10179
-10003
-9729
-10100
-9830
-10149
-9772
-10244
-9912
-10335
-10034
-9946
-9786
-10360
-10169
-10078
-10177
-10055
-10071
-9999
-10155
-10321
-10330
-9787
-9752
-10373
-10143
-9984
-10130
-9966
-10209
-10325
-9913
-10109
-9877
-10178
-10260
-9913
-9871
-9820
-10098
-10342
-10331
-10252
-10116
-10132
-9843
-10131
-10263
-10271
-9981
-10398
-10160
-9983
-10051
-10137
-9997
-10292
-10031
-10331
-10310
-10288
-9950
-10047
-9794
-10404
-10247
-10049
-10312
-10123
-10086
-10185
-9836
-9989
-10079
-10192
-10159
-10143
-10340
-10004
-10070
-10338
-10343
-10105
-10312
-10189
-10076
-9945
-10111
-10087
-9887
-9899
-10212
-10322
-9883
-9867
-10228
-10237
-10149
-10353
-10383
-9945
-9959
-10042
-10100
-10465
-10308
-9958
-10000
-10145
-10247
-10271
-10367
-10154
-10088
-10399
-10368
-9864
-10203
-10150
-10138
-10236
-10080
-10166
-10195
-10471
-9974
-10032
-10402
-10077
-10333
-10008
-9989
-10122
-10131
-10254
-10464
-10014
-10487
-10475
-9960
-10230
-10070
-10296
-10444
-10392
-10440
-10203
-10469
-9905
-10273
-10291
-10479
-10340
-10071
-9922
-10214
-10157
-10271
-9972
-10388
-9956
-10256
-10436
-10397
-10440
-9944
-10456
-9953
-10181
-10412
-10088
-10307
-9979
-9923
-10175
-10412
-10436
-10095
-10394
-9975
-10287
-10021
-10528
-9963
-10344
-10348
-9969
-10453
-10457
-10268
-9984
-10231
-10207
-10321
-10107
-10235
-10554
-10159
-10130
-10116
-10256
-10562
-10119
-10452
-10468
-10131
-10126
-10122
-10369
-9966
-10058
-10009
-10503
-10145
-10303
-10210
-10114
-9991
-10451
-10324
-10035
-10530
-9963
-10434
-10117
-10021
-10512
-10357
-10240
-10298
-10426
-10012
-10001
-10318
-10468
-10104
-10005
-10232
-10081
-10164
-10101
-10049
-10495
-10423
-10256
-10272
-10119
-10006
-10093
-10562
-10374
-10180
-10099
-10105
-10067
-10026
-10235
-10182
-10586
-10314
-10125
-10510
-10406
-10128
-10082
-10300
-10034
-10013
-10011
-10456
-10372
-10594
-10438
-10022
-10617
-10383
-10292
-10541
-10573
-10385
-10444
-10521
-10105
-10460
-10447
-10100
-10369
-10434
-10503
-10484
-10233
-10640
-10381
-10334
-10257
-10549
-10215
-10453
-10284
-10051
-10101
-10020
-10419
-10092
-10579
-10096
-10287
-10163
-10382
-10228
-10348
-10366
-10237
-10516
-10367
-10562
-10172
-10109
-10329
-10527
-10372
-10665
-10193
-10624
-10151
-10413
-10196
-10658
-10091
-10460
-10448
-10214
-10227
-10063
-10361
-10271
-10216
-10677
-10261
-10446
-10547
-10387
-10440
-10360
-10538
-10251
-10275
-10582
-10535
-10464
-10702
-10500
-10501
-10268
-10205
-10617
-10549
-10671
-10244
-10294
-10132
-10425
-10169
-10199
-10429
-10229
-10272
-10708
-10485
-10563
-10710
-10286
-10496
-10690
-10600
-10138
-10644
-10220
-10343
-10446
-10313
-10143
-10514
-10331
-10474
-10605
-10483
-10264
-10337
-10565
-10460
-10396
-10264
-10418
-10387
-10269
-10508
-10458
-10403
-10343
-10537
-10200
-10630
-10685
-10755
-10601
-10556
-10612
-10571
-10178
-10231
-10130
-10455
-10352
-10312
-10441
-10650
-10259
-10572
-10222
-10567
-10442
-10707
-10590
-10656
-10676
-10299
-10465
-10680
-10406
-10291
-10383
-10320
-10153
-10686
-10498
-10342
-10168
-10604
-10255
-10735
-10298
-10322
-10200
-10751
-10369
-10573
-10237
-10266
-10372
-10353
-10564
-10437
-10282
-10577
-10784
-10423
-10713
-10771
-10679
-10198
-10267
-10603
-10688
-10499
-10490
-10815
-10375
-10626
-10528
-10699
-10228
-10831
-10530
-10468
-10365
-10321
-10802
-10776
-10330
-10671
-10248
-10442
-10457
-10261
-10738
-10451
-10285
-10458
-10620
-10453
-10682
-10789
-10677
-10790
-10578
-10719
-10519
-10795
-10485
-10417
-10493
-10772
-10501
-10267
-10557
-10635
-10759
-10788
-10822
-10764
-10774
-10265
-10524
-10366
-10327
-10709
-10302
-10873
-10282
-10284
-10329
-10328
-10590
-10331
-10857
-10536
-10273
-10559
-10781
-10641
-10435
-10344
-10691
-10360
-10785
-10860
-10604
-10617
-10395
-10365
-10357
-10757
-10497
-10422
-10527
-10453
-10739
-10622
-10426
-10334
-10718
-10658
-10484
-10430
-10617
-10364
-10532
-10501
-10866
-10811
-10914
-10395
-10634
-10305
-10726
-10320
-10566
-10342
-10869
-10507
-10443
-10677
-10316
-10882
-10603
-10600
-10341
-10672
-10698
-10701
-10489
-10338
-10610
-10754
-10888
-10741
-10667
-10755
-10663
-10442
-10669
-10656
-10441
-10712
-10816
-10626
-10503
-10563
-10903
-10716
-10325
-10347
-10917
-10472
-10379
-10386
-10399
-10696
-10507
-10354
-10420
-10381
-10590
-10349
-10628
-10744
-10470
-10860
-10469
-10479
-10561
-10632
-10552
-10603
-10724
-10678
-10606
-10945
-10622
-10788
-10390
-10598
-10401
-10966
-10909
-10451
-10827
-10962
-10919
-10979
-10712
-10510
-10529
-10661
-10999
-10769
-10672
-10767
-10542
-10743
-10925
-10490
-10761
-10578
-10893
-10428
-10741
-10401
-10457
-10865
-10713
-10923
-10963
-10459
-10425
-10508
-10692
-10482
-10780
-10563
-10787
-10428
-10615
-10572
-10807
-10703
-10548
-10987
-10822
-10438
-10860
-10787
-11034
-10956
-10915
-10692
-10770
-10715
-11022
-10670
-10941
-10591
-10831
-10913
-10710
-11029
-10652
-10785
-10665
-10625
-10429
-10741
-10841
-10896
-10841
-11012
-10930
-10525
-10624
-11039
-10719
-10502
-10919
-10541
-11034
-10512
-10475
-10687
-10856
-10904
-10865
-10472
-10463
-10510
-10884
-10584
-10928
-10523
-10518
-10653
-10616
-10751
-10601
-11085
-10891
-10860
-10749
-11098
-10837
-10605
-10539
-11001
-10725
-10544
-10513
-10493
-10615
-10572
-10873
-10624
-10815
-11014
-10525
-10883
-11061
-10513
-10704
-11064
-10730
-10803
-10700
-10644
-11113
-10883
-10919
-10621
-10581
-11065
-11098
-10950
-10977
-11123
-10715
-10578
-11068
-11072
-10775
-10626
-10513
-10606
-10554
-10870
-10962
-11092
-10564
-10787
-10796
-11067
-10665
-11151
-10872
-10515
-10991
-10548
-11064
-11069
-10894
-10720
-11069
-10983
-10834
-10845
-10581
-11025
-10813
-11031
-11079
-10846
-11061
-10998
-10557
-10969
-10644
-10807
-10753
-10996
-11044
-10695
-10967
-10880
-10637
-10957
-11039
-11179
-10547
-10813
-11108
-11157
-11072
-10634
-11148
-10952
-10695
-10727
-10600
-11118
-11186
-11091
-10704
-10608
-10983
-10584
-11017
-10570
-11028
-11135
-10983
-11089
-10583
-10794
-10910
-11087
-10956
-11028
-10810
-10779
-10986
-10785
-11187
-10839
-10856
-10998
-10867
-11084
-11089
-11003
-10735
-10590
-11140
-11013
-10851
-11135
-11230
-11083
-10856
-11170
-10722
-11142
-11003
-10721
-10750
-11081
-10994
-11047
-10864
-11142
-11167
-10985
-11002
-10807
-11037
-10860
-10909
-11244
-10670
-10780
-10630
-10958
-10741
-11132
-10930
-11063
-11257
-10734
-10790
-10994
-11241
-10934
-10881
-10767
-11111
-10711
-10970
-10705
-10766
-11004
-10767
-11012
-11065
-10777
-11211
-11052
-11217
-10814
-10651
-11243
-10911
-10891
-11175
-10919
-11150
-10697
-10804
-10937
-10944
-10665
-11093
-10713
-11178
-10949
-11101
-10706
-10742
-11009
-10975
-11061
-10935
-10853
-10831
-11046
-11299
-10677
-11203
-11117
-11075
-11200
-11194
-11190
-11171
-10900
-10705
-10880
-11073
-10903
-11277
-11056
-11316
-10732
-10809
-11233
-11061
-11107
-11109
-11179
-11188
-10883
-11134
-10980
-11138
-10962
-10979
-11100
-11283
-11036
-10934
-11187
-10811
-11106
-11196
-11126
-11289
-10961
-11332
-11032
-11185
-11166
-10905
-11265
-10931
-11021
-10998
-11261
-11045
-10813
-10974
-11239
-11301
-11200
-10943
-11107
-10846
-11358
-11173
-10772
-11016
-10861
-11352
-10780
-11198
-11176
-10871
-11322
-11113
-11137
-11148
-11214
-10996
-11296
-11287
-11177
-11220
-11392
-11154
-11340
-11278
-10962
-10778
-11220
-11178
-11264
-11164
-11004
-11330
-10987
-11016
-11314
-11300
-11360
-10895
-11332
-10952
-11193
-10906
-11101
-11262
-11213
-11011
-10776
-10865
-11048
-11160
-10786
-11016
-10888
-10795
-11322
-11234
-11177
-10990
-10938
-10850
-11203
-10948
-11061
-11150
-10906
-11372
-10970
-11354
-11172
-10972
-10806
-11358
-11344
-11208
-11311
-11302
-11040
-10955
-11089
-11029
-11404
-10855
-11239
-10983
-11136
-11219
-11320
-11139
-11133
-11291
-11043
-10840
-11092
-10990
-11000
-11326
-11311
-10855
-11166
-10872
-10887
-11284
-11364
-11209
-11258
-11266
-11158
-11201
-11042
-11308
-10913
-11137
-11476
-10855
-11265
-11468
-11409
-11041
-10857
-11194
-11424
-11126
-11146
-11258
-11412
-10872
-10904
-11036
-11183
-10896
-11250
-11282
-11343
-11217
-11224
-11429
-11021
-11356
-11060
-11173
-10990
-11182
-11490
-11016
-11497
-11415
-10929
-11109
-11452
-11508
-10933
-11146
-10972
-11524
-11404
-11393
-11343
-11376
-10988
-11434
-11135
-11153
-11422
-11420
-11082
-11353
-11498
-11040
-11333
-10981
-11009
-11030
-11449
-11242
-11269
-11472
-11319
-11418
-11484
-11210
-11317
-11444
-11251
-11553
-11471
-10961
-11294
-11234
-11344
-11197
-11041
-11511
-11549
-11382
-11526
-10975
-11382
-11002
-11094
-11012
-11035
-11208
-11557
-11328
-11513
-11479
-11278
-11575
-11056
-11010
-11486
-11141
-11243
-10954
-11435
-11548
-11088
-11095
-11247
-11093
-11548
-10974
-11517
-11439
-11381
-11299
-11481
-11060
-11143
-11470
-11186
-11358
-11289
-11189
-11008
-11546
-11177
-11233
-11030
-11258
-11378
-11018
-11558
-11189
-10984
-11571
-11547
-11017
-11300
-11595
-11554
-11137
-11089
-11516
-11599
-11067
-11152
-11267
-11539
-11387
-11338
-11397
-11493
-11306
-11211
-11413
-11197
-11616
-11242
-11483
-11014
-11633
-11415
-11183
-11412
-11480
-11160
-11054
-11020
-11359
-11140
-11173
-11561
-11110
-11175
-11207
-11405
-11071
-11247
-11462
-11563
-11230
-11361
-11427
-11461
-11399
-11284
-11134
-11047
-11055
-11611
-11234
-11069
-11320
-11276
-11076
-11444
-11228
-11461
-11542
-11542
-11440
-11325
-11441
-11337
-11662
-11376
-11532
-11652
-11091
-11685
-11496
-11617
-11195
-11664
-11387
-11607
-11423
-11627
-11220
-11162
-11373
-11141
-11245
-11477
-11385
-11563
-11224
-11273
-11249
-11589
-11417
-11357
-11248
-11607
-11653
-11680
-11488
-11579
-11145
-11668
-11215
-11398
-11566
-11644
-11506
-11667
-11692
-11505
-11572
-11606
-11648
-11238
-11153
-11579
-11699
-11364
-11335
-11288
-11383
-11352
-11353
-11384
-11716
-11403
-11432
-11288
-11530
-11447
-11520
-11297
-11719
-11210
-11258
-11699
-11656
-11369
-11644
-11568
-11165
-11566
-11220
-11225
-11327
-11152
-11549
-11527
-11286
-11657
-11275
-11494
-11404
-11411
-11774
-11626
-11350
-11268
-11348
-11615
-11161
-11320
-11615
-11305
-11193
-11721
-11228
-11588
-11784
-11536
-11395
-11281
-11383
-11384
-11291
-11788
-11321
-11571
-11793
-11334
-11475
-11677
-11412
-11220
-11776
-11741
-11776
-11258
-11763
-11311
-11742
-11629
-11368
-11232
-11532
-11372
-11508
-11500
-11179
-11364
-11609
-11221
-11823
-11339
-11603
-11333
-11819
-11669
-11433
-11257
-11769
-11681
-11466
-11297
-11538
-11508
-11770
-11655
-11221
-11557
-11431
-11282
-11318
-11561
-11595
-11707
-11591
-11567
-11567
-11540
-11517
-11228
-11793
-11557
-11337
-11772
-11227
-11665
-11269
-11371
-11675
-11709
-11349
-11392
-11586
-11819
-11751
-11241
-11868
-11353
-11706
-11603
-11563
-11749
-11495
-11296
-11565
-11878
-11795
-11577
-11317
-11363
-11876
-11791
-11351
-11294
-11290
-11587
-11506
-11738
-11546
-11418
-11501
-11389
-11664
-11748
-11304
-11594
-11450
-11372
-11786
-11346
-11433
-11384
-11591
-11639
-11477
-11468
-11307
-11892
-11736
-11626
-11803
-11590
-11341
-11783
-11763
-11432
-11647
-11826
-11681
-11583
-11806
-11601
-11767
-11731
-11661
-11290
-11709
-11776
-11299
-11454
-11573
-11720
-11419
-11738
-11789
-11422
-11366
-11773
-11342
-11631
-11709
-11663
-11541
-11724
-11947
-11858
-11588
-11613
-11326
-11519
-11888
-11860
-11320
-11741
-11706
-11570
-11857
-11734
-11940
-11579
-11951
-11932
-11805
-11788
-11750
-11648
-11710
-11856
-11730
-11776
-11602
-11738
-11363
-11625
-11367
-11393
-11767
-11783
-11590
-11570
-11866
-11441
-11915
-11528
-11505
-11504
-11472
-11736
-11931
-11683
-11960
-11605
-11547
-11739
-11424
-11585
-11417
-11727
-11823
-11540
-11588
-11715
-11817
-11852
-11501
-11475
-11940
-11693
-11751
-11430
-11515
-11701
-11784
-11802
-11914
-11427
-11863
-11957
-11903
-11914
-11615
-11614
-11812
-11587
-11592
-11770
-11942
-11539
-11859
-11683
-11673
-11669
-11588
-11857
-11427
-11654
-11805
-11864
-11577
-11659
-11527
-11971
-11436
-11790
-11779
-11890
-11859
-11553
-11483
-11717
-11912
-11799
-12035
-11423
-11999
-11470
-11637
-11914
-11458
-11732
-11582
-11782
-11978
-11811
-11446
-11720
-11476
-11823
-11622
-12013
-11828
-11971
-11510
-11657
-11529
-11485
-11775
-12003
-11684
-11675
-11966
-12057
-11962
-11456
-11648
-11814
-11773
-11733
-12063
-11561
-11484
-11878
-11936
-11852
-11942
-11712
-11973
-11499
-11845
-11685
-11470
-11776
-11785
-11695
-11486
-11912
-11781
-11498
-11684
-12037
-11869
-11710
-11783
-11480
-11717
-11812
-12095
-11755
-11504
-11602
-12042
-11798
-11748
-11917
-11722
-11780
-12043
-11901
-11563
-11733
-11615
-11854
-11802
-11939
-12062
-11843
-12102
-11924
-12076
-11954
-12088
-12026
-11636
-11890
-12036
-11646
-11854
-11647
-11846
-11702
-11769
-11609
-11529
-11572
-11885
-12118
-11757
-11861
-11998
-12053
-11670
-11761
-11893
-11817
-11771
-11706
-12086
-12029
-11954
-12169
-11626
-12008
-11568
-11681
-11833
-12088
-11645
-12044
-11801
-11589
-11897
-11769
-12000
-11743
-11708
-11923
-11639
-11905
-11616
-11550
-11848
-12023
-11763
-12020
-11932
-11994
-11896
-11683
-11864
-11727
-12006
-11813
-11695
-11653
-11819
-12000
-12067
-11570
-11789
-12079
-11872
-11900
-11671
-12211
-11988
-11594
-12109
-12195
-11734
-11795
-11583
-11945
-12126
-11760
-12197
-12165
-12115
-12001
-12006
-12210
-11845
-12108
-12157
-12110
-12052
-11629
-11918
-12072
-11924
-11786
-11601
-12068
-12112
-11915
-12176
-12027
-11813
-12112
-12090
-11626
-12016
-12204
-11734
-11706
-11953
-12020
-12166
-11668
-12204
-11725
-12169
-11665
-11650
